273
-998 -193
-989 551
-981 698
-978 368
-977 871
-974 -539
-970 -444
-970 -282
-947 -320
-932 154
-929 500
-925 -86
-914 -167
-893 -527
-893 -424
-874 256
-873 754
-872 -480
-871 453
-870 -739
-866 -672
-850 260
-827 -971
-825 710
-822 119
-815 -927
-815 -487
-811 -16
-792 -37
-774 457
-772 -500
-771 767
-755 779
-753 -993
-753 -449
-750 851
-749 704
-738 550
-731 329
-725 -253
-722 -794
-717 -222
-716 305
-705 -192
-702 -709
-702 -527
-699 -664
-694 296
-691 -589
-673 -383
-671 -313
-638 129
-633 -521
-620 879
-614 -883
-608 114
-606 -96
-601 -183
-601 28
-597 -147
-595 693
-578 69
-558 -938
-558 278
-553 364
-541 -465
-539 -511
-535 736
-535 988
-527 8
-504 107
-499 99
-480 630
-471 -829
-447 -615
-435 -100
-430 571
-422 -672
-418 -674
-400 -307
-379 -24
-364 -723
-357 -868
-353 -220
-339 -257
-338 757
-335 982
-330 -403
-308 -655
-296 98
-289 -349
-288 -52
-282 878
-280 754
-278 613
-271 -262
-268 211
-267 -339
-251 348
-247 -632
-241 460
-238 423
-228 -653
-226 627
-219 -359
-212 -168
-207 758
-193 -833
-181 593
-172 10
-172 322
-162 -588
-159 710
-145 347
-141 -470
-140 -542
-140 -483
-138 372
-128 637
-120 745
-118 -65
-92 -952
-82 -448
-78 -387
-70 -917
-68 436
-63 -391
-50 -804
-49 -568
-18 -25
-8 -948
-7 -60
-2 -833
-2 -23
1 878
3 -741
13 -794
14 523
15 -113
20 -90
32 283
36 -192
39 -911
48 -475
50 -213
59 944
78 -614
84 72
85 -652
98 -250
98 -194
99 -912
100 -442
106 764
112 -9
117 616
150 -334
157 -754
181 -683
189 109
190 -893
197 888
199 41
200 -293
201 240
209 -624
237 498
251 -891
255 -465
259 813
265 889
289 -123
294 906
301 -930
307 -408
309 -883
310 4
311 131
315 -943
318 290
319 -637
333 622
335 838
344 704
347 470
348 677
372 -922
379 -462
394 160
399 708
407 1
416 -214
419 163
422 448
427 89
430 -172
439 -307
442 -991
444 -902
455 -562
456 -281
469 -927
476 442
477 476
485 -579
486 641
493 -43
493 184
493 258
494 -219
495 328
501 147
510 773
518 990
522 -72
523 266
524 -127
533 -741
555 -302
556 348
568 647
575 279
582 -141
587 238
598 451
626 -29
637 46
654 -593
664 -540
682 -870
683 870
694 -874
717 -764
726 387
732 286
737 -794
745 327
755 243
755 516
766 986
770 564
772 150
772 983
780 815
789 630
793 667
836 -268
844 748
846 -660
847 806
852 -898
855 -491
858 -980
859 -193
859 817
866 23
870 -843
886 785
887 -212
887 928
908 94
916 -68
917 -153
918 -41
937 848
941 172
946 967
961 346
970 -124
971 -343
977 -480
986 -157
994 814
