962
-1000 262
-998 -150
-996 201
-996 594
-996 951
-995 231
-983 318
-982 136
-979 709
-977 774
-974 -804
-974 -50
-974 451
-972 535
-971 -719
-967 -176
-964 -858
-964 784
-960 819
-957 -831
-955 209
-955 723
-954 -319
-951 -464
-951 -44
-947 -789
-945 -484
-944 844
-940 582
-939 -236
-938 184
-935 859
-934 761
-933 925
-929 635
-928 523
-927 -185
-926 -63
-925 428
-924 221
-924 835
-917 -393
-917 163
-915 -90
-911 992
-910 -713
-910 936
-909 453
-907 -439
-906 384
-906 601
-904 381
-904 768
-899 34
-897 -308
-896 -157
-892 -322
-892 122
-891 -989
-891 -985
-887 -716
-886 -361
-884 -401
-882 261
-876 -452
-875 739
-874 782
-873 710
-872 705
-871 -449
-858 953
-857 512
-855 -640
-855 365
-852 611
-852 848
-850 -338
-849 -982
-848 -927
-847 295
-846 981
-845 79
-842 223
-839 725
-838 702
-837 458
-835 668
-834 -16
-832 -169
-831 -228
-830 -380
-829 -876
-829 -549
-824 794
-823 -632
-823 898
-822 -595
-819 -769
-819 108
-818 -886
-818 403
-816 44
-816 343
-814 895
-812 955
-803 -650
-801 -436
-800 874
-798 125
-793 784
-792 -22
-790 637
-788 -549
-785 -582
-785 -346
-784 27
-782 58
-780 850
-779 -351
-764 611
-761 -616
-758 -352
-757 448
-755 -998
-748 114
-744 944
-742 -43
-734 -19
-733 -844
-732 836
-727 640
-717 747
-715 212
-710 -370
-707 203
-704 -120
-703 494
-703 819
-696 -941
-692 -102
-692 647
-691 247
-689 -607
-685 503
-684 -930
-684 -680
-684 831
-683 -404
-678 -632
-678 -253
-678 165
-678 329
-670 175
-670 392
-668 255
-664 386
-662 675
-661 725
-660 -670
-659 487
-658 -737
-657 195
-657 294
-656 314
-655 35
-655 240
-654 -325
-652 -385
-651 196
-650 549
-649 542
-649 981
-646 -69
-639 856
-638 979
-636 84
-635 -4
-633 112
-633 785
-627 -711
-627 -125
-625 731
-616 73
-613 394
-612 -742
-612 620
-610 335
-608 223
-604 -397
-598 318
-594 -873
-591 -907
-589 160
-586 -877
-586 104
-585 934
-583 859
-578 603
-577 280
-576 264
-572 750
-572 893
-570 -507
-568 -817
-565 103
-565 477
-563 -994
-563 175
-560 -987
-560 -958
-560 -842
-560 178
-555 921
-553 -389
-551 108
-548 481
-547 243
-546 -512
-545 -387
-541 243
-540 -652
-540 911
-538 348
-537 -886
-536 789
-534 546
-533 449
-525 -882
-521 -332
-519 264
-517 665
-516 -154
-514 317
-512 -226
-509 -848
-509 207
-508 -890
-505 -763
-503 28
-502 -275
-496 920
-495 657
-494 -66
-491 -137
-490 -167
-489 -702
-489 943
-482 -687
-478 480
-477 423
-476 357
-475 -713
-472 411
-465 853
-463 -668
-462 323
-462 407
-462 480
-457 -592
-452 421
-451 -887
-450 -44
-448 556
-447 -45
-446 38
-444 -297
-444 365
-443 -328
-439 -866
-434 274
-430 -334
-428 -377
-425 721
-422 -358
-421 -953
-419 561
-418 502
-403 236
-402 162
-401 879
-396 683
-395 -948
-394 -172
-390 -501
-389 344
-388 -563
-388 -398
-388 965
-380 312
-376 -54
-376 315
-371 379
-370 56
-370 985
-369 706
-368 568
-367 -979
-367 -476
-361 895
-360 -853
-360 501
-359 -683
-358 -200
-357 -122
-355 377
-352 -729
-351 -706
-348 -832
-347 -354
-342 -581
-340 -546
-340 -344
-340 459
-339 -994
-339 -813
-336 -928
-336 -237
-333 -459
-333 786
-332 419
-331 995
-330 -611
-316 -794
-314 -220
-312 568
-311 -192
-311 868
-309 200
-307 -890
-304 -339
-303 0
-299 -498
-299 511
-295 -117
-295 716
-294 -594
-292 566
-291 177
-290 572
-290 787
-284 877
-281 -470
-281 3
-280 -28
-279 201
-278 741
-277 -857
-276 -372
-274 -855
-270 -788
-269 -896
-269 273
-268 -793
-266 -341
-262 452
-257 336
-255 -778
-254 -585
-252 272
-251 -311
-251 810
-250 -71
-238 -579
-238 812
-236 -615
-235 -255
-235 888
-233 267
-231 -590
-230 -599
-227 429
-227 512
-226 -183
-226 225
-226 841
-225 108
-223 274
-220 -110
-220 390
-220 636
-220 847
-219 -977
-217 682
-217 966
-216 421
-209 491
-209 952
-208 211
-208 474
-207 312
-207 782
-207 810
-206 118
-206 170
-204 -560
-203 637
-202 -994
-202 -750
-199 -747
-199 4
-199 435
-193 -404
-193 -353
-192 -522
-191 -568
-190 420
-186 261
-183 -689
-174 -19
-171 107
-170 613
-162 200
-161 468
-157 59
-153 -681
-152 -829
-152 488
-150 -290
-148 -527
-146 -263
-146 385
-144 715
-143 -843
-140 -631
-139 197
-138 -424
-138 217
-138 406
-137 -662
-137 316
-136 -285
-136 211
-133 -532
-132 -992
-132 867
-131 -603
-131 293
-130 408
-125 893
-118 -891
-116 -624
-116 -171
-113 -861
-113 -484
-110 690
-107 -168
-106 -337
-105 238
-104 -322
-103 -975
-97 -501
-96 80
-88 -548
-88 120
-88 327
-88 760
-85 686
-81 -36
-79 321
-75 452
-72 803
-70 107
-68 25
-66 -446
-66 336
-64 -291
-64 349
-60 -524
-58 596
-55 -3
-54 -71
-54 260
-54 361
-53 -806
-51 -852
-51 41
-49 -53
-47 -478
-43 -170
-42 -97
-42 924
-41 -522
-41 -492
-40 143
-32 -253
-32 755
-30 165
-28 -405
-28 413
-27 -950
-25 -583
-25 -469
-23 527
-21 69
-19 -831
-18 -811
-16 776
-14 -751
-13 13
-10 43
-10 789
-1 921
0 -496
1 -678
2 619
8 409
10 -722
10 846
12 -277
12 226
13 -21
14 -723
17 101
17 597
18 -424
19 -712
20 689
23 -862
29 -752
30 145
30 351
34 -27
35 191
40 -535
43 80
45 951
51 -758
51 -531
52 149
53 -322
55 806
57 566
60 386
62 -207
63 475
67 -815
68 -900
69 -2
70 432
75 -996
75 -786
75 931
76 -441
76 -169
78 -841
82 -791
82 650
83 -968
84 -119
86 490
87 758
88 442
88 647
91 -411
91 464
96 300
97 823
99 891
108 -922
111 627
111 965
115 194
122 966
125 -376
129 -806
130 -950
130 -856
133 411
136 -965
136 833
138 595
141 -714
142 290
145 297
145 980
148 -558
149 -919
149 -852
150 56
159 -981
159 390
161 854
162 351
165 -914
166 -648
171 -615
171 22
173 -301
173 963
175 734
176 266
180 -602
181 -660
181 74
182 -375
182 799
186 545
186 856
188 -857
189 -824
189 467
189 594
191 -90
191 21
191 536
192 197
192 230
194 483
199 -224
202 -747
204 -303
204 907
205 4
205 151
211 591
213 40
217 -442
222 563
223 -319
226 -771
230 -652
231 173
232 82
234 -565
239 -959
239 356
244 -908
245 -321
245 76
246 -491
247 641
254 -480
254 -384
254 488
256 -812
259 -480
260 -193
268 -337
271 955
273 -329
278 -646
278 -355
281 347
281 589
283 794
287 818
289 821
290 -277
291 -244
292 739
294 101
297 -183
297 863
301 -915
302 961
303 62
304 801
308 -536
308 -427
309 -49
309 333
309 692
314 -751
314 -682
319 435
321 302
322 937
332 -291
332 331
332 808
332 955
333 43
337 -769
337 650
337 675
337 932
341 -561
345 455
346 272
348 -630
348 -401
348 145
352 -883
353 541
355 -832
356 -537
357 -583
358 -234
359 185
362 170
364 582
366 -527
366 -179
369 902
371 349
372 -864
372 86
374 737
375 -155
377 587
379 920
383 198
387 -183
388 658
391 -592
395 -728
396 553
396 950
398 67
403 -745
405 -260
407 -845
409 -729
410 -162
414 -744
414 939
419 514
421 -519
425 155
425 208
426 104
429 696
430 826
434 -483
440 -585
445 505
445 966
446 941
455 -442
464 -955
467 990
468 -802
468 -310
472 708
474 260
475 120
476 89
481 -350
484 -681
484 -482
485 -876
485 -858
485 688
493 -807
495 302
497 106
498 -642
498 -326
498 534
500 -611
500 759
501 -207
501 55
501 491
501 613
503 -619
505 -752
518 -950
519 701
521 -125
523 -720
523 -513
526 290
527 -866
531 587
532 -95
536 407
539 -645
540 7
540 149
543 -788
549 -823
551 -685
551 910
552 615
555 790
557 -341
563 -431
563 369
566 -912
566 -760
566 430
572 -809
572 605
574 -219
582 -716
585 -554
587 414
593 158
593 174
594 554
596 -984
599 189
600 246
604 -728
606 174
606 203
607 135
608 695
609 -878
610 -474
611 -443
611 69
611 910
614 144
614 763
614 995
625 247
626 -420
626 18
630 371
631 234
633 -1
639 -627
642 973
644 -509
648 -1000
649 -295
650 693
654 -713
654 446
656 225
657 -223
658 823
668 -399
668 514
669 379
669 847
671 -788
674 -375
676 -175
676 -148
677 -839
677 -364
685 880
687 819
689 -387
690 -567
694 -408
696 -306
698 -858
698 -737
698 -694
702 -670
709 -921
709 -584
710 -686
712 -911
716 970
717 -393
717 864
718 -687
720 249
723 -615
732 206
733 12
733 885
734 -434
741 -479
742 605
745 -90
752 -743
757 -820
757 -117
758 742
761 149
766 798
772 461
774 330
777 27
782 -339
782 -73
783 812
792 528
793 -430
799 876
801 322
802 -108
805 664
809 -785
811 -457
816 780
817 -488
821 691
830 -530
831 941
831 945
833 743
834 -668
839 955
840 58
842 -537
842 558
849 688
850 -682
852 17
855 -522
857 -53
859 -964
859 -860
860 -13
864 -950
864 -708
865 -969
865 -594
866 -972
866 434
869 -632
871 -633
872 -341
874 433
875 874
879 569
882 -753
882 -646
883 -721
889 -541
891 -669
895 292
897 272
899 -687
900 -822
903 686
904 622
907 799
908 -436
909 910
918 46
919 -547
921 -263
921 466
922 -231
926 852
930 899
931 -855
931 760
933 -560
934 -363
934 908
935 229
938 -144
941 285
947 -831
947 128
948 686
949 550
956 236
956 963
961 348
962 -370
963 -919
970 -611
971 727
974 387
975 -610
976 -398
981 865
986 -6
988 791
993 -557
995 -599
999 -381
