807
-997 -577
-997 751
-996 -527
-992 -832
-990 -466
-990 177
-990 766
-987 573
-983 366
-980 773
-975 -440
-973 -312
-972 259
-972 859
-971 -824
-971 23
-969 -429
-965 -7
-962 -636
-958 -137
-957 885
-953 867
-952 -831
-951 629
-949 -692
-939 -291
-939 176
-935 -933
-928 -146
-926 888
-922 814
-921 -275
-921 450
-921 459
-918 411
-916 648
-912 174
-910 -135
-908 -252
-907 -98
-907 638
-904 -13
-898 -659
-897 102
-897 471
-895 235
-893 -934
-893 -590
-880 137
-877 -745
-876 567
-875 -464
-860 454
-860 758
-859 -905
-858 264
-848 977
-847 -552
-842 806
-832 -379
-830 -107
-827 524
-826 -248
-825 -155
-818 -790
-815 -809
-811 -87
-810 33
-807 172
-805 -933
-805 -37
-799 374
-799 835
-793 -599
-793 734
-789 201
-786 -933
-780 -176
-780 -105
-780 723
-777 -535
-772 -835
-772 -541
-765 987
-762 244
-756 915
-753 548
-747 -604
-746 -512
-745 -122
-743 -259
-743 307
-739 -924
-735 -647
-735 778
-732 -722
-729 752
-726 -167
-726 11
-725 -837
-725 762
-723 -312
-723 191
-723 724
-722 170
-721 -860
-721 -407
-717 -836
-715 500
-713 -891
-713 -270
-712 -990
-702 -66
-701 135
-700 140
-698 -145
-696 13
-691 -647
-691 101
-688 455
-685 -258
-685 163
-681 -986
-676 349
-675 177
-673 1000
-672 983
-671 972
-668 59
-667 -769
-665 -649
-662 757
-660 -478
-659 948
-655 531
-655 917
-652 -930
-647 91
-643 752
-643 894
-642 -715
-641 192
-639 24
-639 504
-638 -863
-630 -98
-628 366
-627 259
-622 -587
-619 998
-616 497
-615 60
-614 308
-614 323
-609 681
-608 175
-604 -773
-601 -157
-599 -494
-596 -394
-596 533
-595 -232
-593 -282
-589 -682
-588 -436
-586 146
-583 -691
-583 677
-582 -288
-580 879
-575 -993
-572 -638
-568 527
-568 780
-563 -476
-563 -273
-563 5
-556 402
-556 420
-555 -6
-555 166
-552 -583
-552 -368
-551 -370
-549 728
-548 -473
-545 740
-544 -656
-544 -491
-542 19
-542 197
-541 -885
-539 269
-537 -658
-536 -128
-536 567
-535 363
-533 -493
-533 618
-532 -612
-531 370
-528 143
-526 315
-524 -267
-523 88
-523 507
-519 634
-518 -953
-518 257
-517 -252
-516 588
-515 -282
-514 630
-511 45
-510 -89
-508 471
-507 -508
-506 -310
-501 577
-500 289
-494 -381
-490 -437
-487 -861
-487 -146
-487 326
-486 -47
-484 480
-478 -709
-475 -550
-473 704
-472 -668
-472 943
-468 -100
-467 435
-461 -596
-458 -863
-446 412
-443 -584
-437 -844
-427 -290
-417 274
-415 -280
-414 -895
-413 998
-407 344
-406 959
-405 -160
-404 -539
-404 691
-404 758
-396 -150
-395 937
-395 951
-387 922
-385 -586
-384 -402
-383 862
-380 -686
-380 300
-376 -884
-376 -402
-374 -920
-373 225
-372 -715
-370 326
-367 80
-367 731
-362 -178
-361 -251
-357 -956
-356 -264
-355 745
-354 102
-352 534
-351 964
-350 88
-349 -866
-348 -824
-347 -733
-346 669
-340 -28
-339 -294
-339 738
-338 94
-335 967
-334 303
-330 421
-327 -63
-325 676
-320 -932
-319 -582
-316 97
-314 -613
-314 84
-313 983
-307 -14
-306 -623
-306 528
-305 209
-305 745
-302 -897
-302 741
-301 -455
-300 -563
-298 -857
-297 425
-288 -84
-288 28
-287 437
-286 -379
-284 760
-281 -576
-279 419
-274 -300
-272 875
-267 222
-261 -473
-261 -457
-258 766
-254 241
-253 -354
-252 -831
-250 158
-248 -462
-248 -163
-243 -462
-242 166
-242 565
-242 618
-242 980
-237 -600
-237 186
-237 394
-234 907
-222 389
-216 682
-215 848
-213 259
-209 -232
-209 301
-208 -278
-207 -174
-205 -457
-196 220
-194 -88
-194 609
-191 -581
-189 700
-182 -476
-180 53
-178 -761
-177 687
-173 496
-171 628
-170 384
-162 100
-161 972
-152 -702
-150 -453
-145 -493
-144 -319
-142 108
-142 352
-140 448
-139 239
-135 469
-134 470
-133 -466
-132 828
-126 -742
-121 -581
-121 -426
-121 711
-120 775
-117 -372
-114 386
-107 385
-106 540
-95 -574
-94 -284
-85 302
-83 -639
-79 706
-77 181
-75 -623
-71 -203
-70 -488
-68 701
-64 -805
-63 -541
-63 715
-62 -813
-62 892
-57 -155
-56 -719
-55 -908
-51 -782
-51 904
-50 599
-49 -168
-49 741
-48 -175
-45 -298
-43 -339
-36 797
-33 -5
-33 329
-32 -469
-32 28
-21 596
-19 -565
-16 -582
-15 -320
-15 851
-5 -53
-2 258
0 -787
2 675
4 -103
5 992
9 -435
11 304
14 610
15 -423
16 -157
19 594
23 305
27 428
31 -29
33 819
36 -632
37 959
43 914
44 -7
45 328
55 238
57 -882
60 -1000
63 147
65 135
65 354
66 669
71 -396
75 927
78 867
81 675
88 -698
91 -121
92 982
95 21
100 -391
105 -895
107 -568
109 -364
112 -477
113 -710
115 -546
115 757
119 -312
120 -696
121 -929
123 56
123 102
124 -93
130 -840
134 751
135 -128
137 96
138 -493
139 952
140 -732
145 358
153 646
154 -411
154 -187
155 -786
155 1000
156 734
164 597
166 30
167 -388
168 243
169 -313
169 49
171 957
177 945
178 594
179 -330
187 991
188 -574
190 617
191 -608
193 565
199 -355
201 742
202 -597
203 774
204 -909
204 -794
207 787
209 159
212 335
213 -953
220 -981
226 -240
228 -661
232 926
235 -126
239 326
240 -11
242 -450
242 -31
245 572
248 -927
248 386
252 -448
253 754
257 -697
259 -415
259 511
264 -774
269 463
276 287
277 28
279 -448
279 942
282 783
284 -601
286 -813
292 -184
294 443
295 -314
304 -418
305 -903
305 -827
305 217
309 14
314 68
315 307
317 -583
319 -505
323 571
323 820
324 -351
327 563
331 829
339 920
343 288
344 -108
345 -369
345 -119
352 737
352 836
353 -855
354 -28
356 305
358 934
362 -476
365 -701
369 625
370 -343
372 -686
373 -798
374 787
375 -631
379 -171
380 -912
383 544
384 0
386 285
390 -358
393 305
394 -840
396 -559
397 -633
400 30
401 -330
411 475
412 -785
420 -138
421 -308
423 -684
426 995
430 18
432 -535
434 -399
434 -274
442 -211
442 73
445 -650
446 816
447 -943
453 -657
454 -719
454 618
455 -637
456 -455
458 -738
458 715
460 -427
462 16
467 -91
477 -269
478 -348
478 487
479 110
482 319
483 -945
483 727
485 96
488 381
491 -255
492 -59
502 -842
502 -23
503 -900
504 -46
507 957
512 180
513 -325
513 393
515 431
517 -951
521 -169
528 -718
529 -876
529 339
529 855
532 358
535 703
537 -505
538 956
543 119
544 -570
544 742
546 819
550 -157
556 -737
558 -914
560 888
561 -597
561 -34
562 -67
563 -400
571 -416
582 867
590 -896
593 -506
596 -970
596 126
596 924
597 833
600 -434
602 276
607 -491
608 758
610 682
611 -773
611 321
613 -550
614 -833
621 24
621 339
623 50
624 344
628 614
631 879
632 738
636 155
637 -554
638 856
641 -796
642 89
644 -942
645 -225
648 -532
648 804
652 -27
653 833
658 753
660 -680
669 88
670 -140
670 758
671 -663
672 956
682 -871
682 -402
683 426
687 -205
690 -689
690 -82
694 -307
696 438
697 -249
697 -118
700 579
701 17
701 195
703 961
705 600
718 589
721 -577
724 15
730 -129
732 -744
732 -167
733 189
734 -658
735 837
742 -753
742 93
751 -197
754 329
756 -969
757 742
761 -976
762 84
768 -816
770 69
771 -366
772 3
783 425
784 195
784 715
796 -278
797 899
799 858
801 779
803 -355
811 -671
811 181
813 -731
821 801
823 530
832 698
834 214
835 43
836 191
839 366
841 203
841 837
843 511
845 -391
846 -151
846 22
852 -396
854 -50
854 518
860 -200
864 213
866 647
867 -528
867 60
869 -465
869 -392
870 312
875 -462
876 -203
876 763
877 216
879 -185
879 704
880 -27
881 14
887 -688
887 262
888 521
888 790
890 496
891 146
906 -467
910 762
917 494
922 -56
923 -63
926 -311
932 855
933 746
934 -123
944 379
950 502
952 629
953 611
955 107
957 129
957 227
957 324
959 773
961 -929
961 2
961 10
961 288
966 517
968 767
972 172
972 192
976 -305
977 -317
978 733
981 591
984 -51
993 284
993 345
995 -803
996 11
999 855
