117
-988 -963
-975 133
-876 49
-875 946
-862 -144
-845 853
-842 -289
-834 75
-826 -467
-771 -728
-739 -948
-699 -424
-695 -848
-684 348
-604 304
-583 415
-575 -131
-554 -208
-553 496
-544 -573
-534 -609
-512 156
-489 -638
-481 950
-475 -764
-471 -258
-457 -104
-442 -366
-436 -683
-434 -541
-426 -500
-424 -627
-419 -923
-409 318
-354 -915
-324 -248
-322 -864
-306 -27
-303 357
-292 -313
-292 243
-275 720
-275 973
-245 -595
-243 -67
-207 173
-193 974
-179 61
-176 989
-166 206
-165 -922
-160 494
-156 -736
-128 -58
-113 -482
-103 -325
-86 681
-79 633
-60 904
-47 111
-43 -530
-27 212
-18 516
11 -227
105 277
110 760
126 747
133 -636
141 507
151 404
164 510
168 963
186 931
190 -725
219 -924
236 78
252 38
289 18
297 -199
325 1000
332 -173
355 203
408 65
414 -608
422 330
433 -842
512 -142
513 -913
524 -659
539 -226
540 -129
540 193
546 282
557 -497
583 -401
584 -272
586 392
589 492
622 -141
627 -225
665 -792
693 547
709 -857
713 693
762 -700
781 -552
782 -68
798 -972
826 -584
839 676
846 144
852 339
876 -321
912 -743
955 933
980 252
999 -253
