557
-999 305
-999 783
-996 84
-992 98
-990 403
-983 -766
-980 -243
-976 -106
-970 316
-969 -582
-965 -941
-962 583
-956 -980
-953 332
-952 989
-949 -787
-945 929
-943 -676
-942 917
-940 61
-938 49
-934 -28
-931 -742
-931 -510
-929 -967
-927 2
-913 257
-909 -540
-902 -260
-901 -264
-899 -423
-892 278
-888 -414
-887 -485
-885 -880
-881 -882
-877 -280
-877 173
-875 -973
-875 -133
-874 -587
-873 -322
-866 -260
-860 546
-852 -831
-849 851
-841 -956
-837 377
-828 -730
-828 -22
-825 372
-822 -514
-821 -869
-819 -858
-816 62
-816 837
-815 -653
-813 -846
-811 -925
-810 -802
-810 -121
-809 -470
-800 499
-792 365
-791 -721
-787 -839
-786 -891
-785 -312
-779 -602
-779 952
-777 54
-776 157
-769 388
-768 -534
-767 475
-766 93
-764 254
-760 -708
-756 311
-755 -610
-752 410
-750 -756
-748 -793
-748 -413
-746 124
-740 24
-736 -176
-736 377
-736 958
-731 -310
-726 -790
-716 476
-714 536
-713 -472
-708 412
-702 -376
-697 -178
-693 152
-692 919
-686 561
-685 505
-684 178
-681 -531
-675 506
-674 198
-670 585
-669 -235
-663 -617
-662 -505
-662 916
-656 -176
-656 143
-656 148
-655 -109
-647 -566
-641 -462
-635 -65
-629 736
-628 -149
-627 -58
-618 281
-617 -783
-614 -23
-613 -641
-611 -613
-611 -160
-606 -193
-605 -732
-599 -472
-598 -47
-595 241
-591 293
-584 -292
-583 -849
-582 -818
-582 -693
-582 395
-573 -408
-564 -515
-563 501
-559 684
-553 -874
-543 -79
-542 183
-541 478
-540 -930
-537 -588
-532 -581
-519 638
-517 298
-511 712
-506 -402
-504 574
-492 -390
-488 223
-480 -298
-478 801
-470 -433
-459 812
-455 -565
-455 5
-453 -591
-449 -508
-448 -883
-448 -475
-446 -390
-446 939
-439 -94
-436 518
-432 -310
-428 -350
-427 635
-423 861
-419 -995
-416 480
-410 530
-407 -592
-406 755
-401 351
-397 364
-393 -95
-386 705
-383 -314
-380 -656
-380 769
-380 833
-377 -10
-376 776
-366 -26
-364 -578
-350 -167
-340 299
-332 -799
-320 -812
-320 371
-319 -405
-315 -375
-304 -66
-301 -563
-301 655
-299 -688
-284 -572
-281 -792
-281 593
-279 6
-276 -207
-275 -593
-271 -343
-263 249
-263 576
-262 -906
-262 132
-261 226
-261 256
-257 24
-253 -809
-253 577
-243 -368
-240 5
-236 946
-235 -126
-235 -62
-234 -362
-232 388
-231 284
-215 -380
-204 520
-203 129
-198 632
-190 524
-188 -672
-187 -472
-182 -286
-180 -887
-179 -255
-174 537
-170 -173
-169 -560
-168 -111
-167 326
-166 -634
-166 337
-164 -168
-162 -635
-162 584
-158 -316
-157 -389
-156 494
-154 -995
-153 598
-149 81
-149 387
-144 -443
-143 942
-139 -468
-135 -676
-135 299
-130 -485
-127 63
-120 -192
-106 835
-98 -988
-98 904
-93 338
-92 364
-91 -317
-91 -295
-83 927
-81 985
-79 828
-78 -685
-72 -733
-70 -234
-65 -658
-62 306
-57 973
-56 -673
-53 414
-50 -790
-49 -631
-46 709
-44 -208
-39 398
-32 710
-30 -378
-30 575
-29 851
-22 -56
-21 -450
-20 -58
-19 -759
-16 -758
-13 -481
-12 -631
-3 -618
0 -618
6 -340
10 -536
11 614
18 759
23 -901
27 850
33 736
36 -831
45 -498
45 974
47 -617
49 346
51 -398
54 -100
63 -549
63 -130
63 881
65 -968
69 661
73 43
74 644
78 968
81 -960
84 532
87 -978
89 343
91 -210
91 972
97 231
111 -367
114 490
118 818
119 -443
123 343
125 755
126 395
127 -102
129 8
130 -176
136 853
142 881
166 865
168 -303
170 -820
186 -984
188 727
189 289
191 -113
197 -794
198 -428
205 493
206 -984
209 -967
211 -868
211 85
220 120
221 -947
221 943
224 323
229 245
233 88
235 -1
235 852
243 -666
245 267
250 -834
251 -985
254 932
258 -254
286 -381
290 -654
290 -636
291 -356
295 689
298 -53
304 629
314 -796
322 -92
323 455
325 257
325 557
326 730
328 37
329 -911
332 490
333 -346
338 810
347 127
357 965
369 -925
370 -851
370 -723
376 -152
378 -434
385 241
394 -791
394 311
395 552
401 550
402 -865
402 721
403 -465
404 -484
405 407
408 -619
415 -647
416 -649
421 272
425 -131
425 766
430 -278
431 394
432 55
433 828
436 -271
439 -436
441 76
451 562
452 -752
455 -537
456 862
464 -983
464 -546
464 -469
487 -877
488 -8
491 983
499 540
504 579
505 -19
510 -225
511 -731
511 386
525 -397
530 283
539 -772
541 -805
546 -423
546 -59
553 -732
554 877
555 -76
555 638
559 -551
560 433
561 689
566 -810
567 974
570 -762
575 680
576 517
582 -797
588 9
588 45
594 -539
597 796
601 -741
603 870
604 -535
614 725
619 443
620 -692
621 -822
645 650
655 -761
662 -852
667 795
669 345
671 -507
673 630
674 210
675 -284
676 -796
676 -560
685 394
686 -461
686 677
691 -425
693 977
698 -249
701 606
703 96
714 -878
718 -976
718 -233
720 -395
726 -527
727 482
733 -586
739 898
747 130
750 -908
750 713
752 44
754 -858
754 -587
755 -413
755 380
768 -707
787 770
792 593
794 152
798 -570
799 -895
803 583
809 193
816 843
818 -253
819 -156
825 -801
829 -731
832 202
836 492
837 -814
846 -63
853 -650
853 557
856 -91
859 532
859 605
862 -833
870 45
871 -2
872 891
881 -342
882 -523
887 -943
887 514
888 -727
890 -328
890 242
890 738
895 -772
896 307
900 -29
904 62
906 -439
910 -55
912 97
913 -640
916 641
917 384
919 597
923 -49
926 -984
926 -522
927 -302
928 -980
929 -14
932 383
936 819
939 19
944 84
948 635
967 306
971 -333
977 323
980 -35
990 660
991 -625
999 -580
