94
-988 -773
-965 253
-955 293
-947 216
-934 -219
-919 -403
-897 -814
-892 88
-859 731
-857 100
-851 -346
-792 -889
-777 -489
-753 -7
-738 -929
-727 -133
-721 378
-605 -796
-599 297
-573 -770
-554 -22
-521 499
-517 56
-511 -232
-507 -933
-496 159
-457 175
-422 -975
-400 36
-377 -673
-272 636
-262 -510
-191 833
-181 -721
-147 372
-130 987
-127 -219
-86 -313
-60 357
-26 845
-25 977
17 -827
22 257
35 -701
38 29
38 703
59 686
68 616
72 -582
81 -371
163 492
177 -828
197 -556
226 -663
242 27
250 -420
254 59
268 267
341 -214
344 -749
387 -917
402 -245
404 230
451 -642
455 523
474 703
476 -386
499 -337
529 300
591 -983
592 -410
622 -190
655 -334
662 952
669 301
672 -958
704 598
729 422
744 -33
747 942
766 213
771 173
775 179
779 -889
781 -813
827 -215
828 -442
843 -243
844 653
899 315
912 -911
936 -946
984 -305
986 -144
