375
-998 -217
-994 -859
-992 -944
-987 193
-978 -768
-965 327
-955 -874
-955 -122
-942 -899
-939 483
-928 -990
-924 350
-923 655
-911 678
-904 467
-901 -795
-900 958
-896 722
-895 -547
-882 69
-876 813
-873 214
-864 894
-851 -661
-849 -304
-844 -238
-843 729
-834 -785
-825 -574
-822 -483
-802 -255
-799 294
-792 -249
-790 -276
-789 -963
-789 -112
-787 -972
-787 -775
-782 167
-780 739
-778 -373
-776 -152
-773 558
-769 -484
-768 -304
-755 -110
-755 304
-754 -464
-753 -697
-745 599
-741 -895
-732 -396
-726 811
-722 706
-717 257
-710 -828
-706 -577
-699 -257
-697 822
-694 -974
-686 768
-672 -569
-671 615
-668 751
-663 700
-658 413
-649 -628
-635 292
-630 707
-627 768
-616 222
-614 -514
-613 695
-611 520
-604 645
-603 -300
-597 -222
-584 549
-577 69
-559 559
-542 516
-541 -320
-540 430
-524 434
-520 -342
-514 -942
-510 -815
-506 -733
-502 -681
-493 721
-488 29
-484 259
-475 -395
-471 -240
-461 179
-460 970
-454 261
-450 317
-440 -971
-433 511
-430 -456
-423 673
-421 565
-417 346
-406 749
-403 293
-401 -415
-397 986
-387 164
-382 368
-377 376
-375 -702
-372 738
-367 -636
-359 -307
-351 -559
-351 308
-346 -247
-338 -174
-333 -597
-328 338
-322 -108
-301 340
-300 -596
-293 -452
-292 -143
-288 497
-279 942
-278 -360
-277 -275
-276 602
-269 -431
-261 128
-253 -441
-251 -247
-242 -201
-234 -257
-233 -978
-226 557
-221 -124
-220 589
-219 776
-219 896
-218 -295
-216 720
-211 799
-190 529
-189 -980
-186 397
-181 -161
-174 -208
-165 -995
-163 763
-162 43
-160 -679
-154 722
-148 -972
-143 962
-128 95
-125 -171
-123 334
-122 -402
-121 115
-113 -339
-110 750
-104 -989
-103 -155
-103 -39
-102 928
-96 410
-95 758
-93 760
-88 621
-87 -474
-77 -376
-77 172
-72 176
-64 714
-63 427
-59 -7
-58 698
-51 -327
-51 216
-51 856
-50 245
-48 889
-38 829
-36 -722
-34 661
-27 -174
-15 164
-10 447
-5 757
-1 -428
8 621
25 937
35 -998
41 279
45 -871
71 -42
74 -180
76 -500
87 659
93 -486
98 914
104 634
106 -909
108 905
131 -369
134 -854
143 554
145 291
147 850
157 -320
170 -317
179 -559
208 665
209 -10
212 -579
214 -695
227 54
227 557
234 455
235 -855
240 -872
248 -538
252 916
258 747
265 -339
266 -389
289 676
291 973
310 -951
330 -119
331 477
332 -650
332 456
336 518
338 739
341 955
342 482
349 -863
350 -468
354 -742
359 -608
360 -78
363 -691
368 539
370 -919
374 662
380 -368
384 472
392 230
393 -781
402 813
406 873
409 -532
419 -830
427 -428
444 -81
451 52
454 522
455 104
455 182
460 278
463 587
465 121
465 980
485 -482
491 772
496 249
501 92
510 -34
515 607
520 -490
522 -103
523 -395
525 441
535 -732
539 17
542 -578
544 829
547 -892
554 -596
554 679
559 -776
559 873
560 968
562 107
564 -560
574 861
575 -190
577 385
591 238
596 458
617 -415
629 549
631 468
636 -981
642 -184
642 684
645 425
652 930
653 -764
667 710
668 458
669 200
674 9
677 -878
684 -870
694 -595
698 -285
698 646
704 -987
708 870
711 173
728 917
733 -345
734 -554
737 34
741 -784
746 884
753 -236
755 -687
759 377
760 547
770 -992
772 325
773 368
775 690
779 82
782 949
787 -614
791 -146
792 572
799 -833
799 492
804 736
809 -173
814 505
819 -915
822 168
825 -506
830 465
831 -893
844 224
846 -632
849 649
852 702
859 507
887 -352
889 926
890 838
892 202
895 511
896 -604
896 393
899 -344
904 490
904 703
906 765
911 489
921 758
923 -116
926 -433
938 736
940 140
945 959
952 431
954 -419
955 976
960 165
968 -761
973 -701
985 -542
