776
-1000 -910
-992 -716
-992 429
-990 203
-990 389
-990 509
-988 -360
-987 870
-985 15
-984 462
-983 518
-980 938
-978 -585
-976 426
-970 -911
-970 -734
-967 -469
-967 251
-966 -426
-965 -292
-960 794
-956 -419
-954 -893
-954 553
-951 558
-947 -950
-947 910
-943 22
-942 -255
-942 498
-937 244
-936 192
-936 562
-931 -936
-931 -766
-930 -761
-930 -533
-929 -316
-928 -355
-927 -155
-925 14
-921 688
-921 697
-918 -934
-916 -102
-911 155
-908 -241
-907 -77
-905 645
-905 718
-904 -928
-904 -726
-904 -298
-903 632
-901 -461
-897 31
-896 -49
-891 692
-887 -426
-885 -436
-883 -50
-875 -440
-873 -311
-872 -527
-867 263
-861 671
-861 748
-861 769
-855 -265
-855 333
-851 -7
-845 653
-844 -985
-843 -38
-843 247
-837 950
-832 -420
-831 -637
-826 580
-825 985
-823 -192
-823 105
-820 -861
-820 719
-819 -543
-818 972
-817 375
-812 -729
-811 -837
-810 744
-808 435
-808 588
-802 -818
-802 -56
-801 983
-800 -955
-800 -876
-799 -644
-799 573
-795 -626
-787 -877
-786 -443
-786 511
-785 -411
-781 -863
-779 357
-774 -383
-769 -274
-764 -907
-758 -688
-758 118
-756 -591
-749 -530
-748 471
-745 -574
-744 -639
-744 858
-743 248
-741 531
-739 -290
-735 -244
-734 -80
-733 716
-730 331
-729 -802
-727 -395
-727 876
-721 623
-716 -368
-713 -978
-712 301
-710 -361
-702 -795
-701 566
-700 596
-697 -660
-696 -652
-696 537
-694 16
-688 -59
-687 -810
-687 -170
-687 273
-686 38
-682 -199
-682 -183
-680 714
-679 667
-675 -514
-672 -624
-672 -336
-671 461
-669 -899
-668 -782
-667 635
-666 -693
-663 263
-661 -451
-660 607
-659 231
-658 -410
-651 583
-650 327
-648 -131
-647 -736
-645 -215
-645 150
-629 875
-628 -192
-626 -230
-622 393
-620 -425
-619 -128
-618 -8
-616 -778
-608 -157
-607 841
-600 -822
-598 631
-597 -721
-596 224
-595 -888
-590 259
-589 -274
-588 -826
-582 -654
-580 -624
-578 -188
-575 23
-569 -456
-569 -383
-568 5
-564 228
-564 817
-561 -515
-558 -277
-550 691
-546 784
-542 949
-537 -457
-534 8
-534 579
-532 -431
-530 521
-529 862
-528 -279
-528 159
-527 -370
-525 581
-521 340
-517 794
-516 -272
-515 -899
-511 153
-508 435
-500 -138
-497 862
-493 703
-489 -778
-488 -544
-479 -886
-478 757
-476 -162
-472 -713
-471 250
-467 82
-465 -933
-462 622
-461 -979
-461 58
-457 949
-454 -728
-454 -627
-454 151
-452 -777
-451 -266
-445 -798
-445 -336
-444 250
-438 -674
-438 -166
-438 647
-434 408
-433 -57
-430 -530
-429 -485
-424 -333
-420 -1
-419 625
-414 -292
-413 43
-410 485
-409 -550
-404 -470
-404 136
-403 -977
-403 673
-400 -616
-396 -119
-394 873
-388 -161
-388 744
-387 -374
-387 -276
-386 841
-382 462
-381 -949
-380 -676
-379 488
-377 411
-374 -93
-368 -457
-360 -884
-356 424
-349 844
-345 212
-342 76
-340 987
-336 220
-334 -848
-332 196
-331 -439
-325 -449
-319 -857
-319 88
-316 278
-313 535
-310 -365
-309 -18
-308 -649
-307 -927
-307 -918
-305 274
-303 -163
-303 695
-300 -85
-298 -666
-296 -619
-291 674
-284 -245
-280 554
-278 -27
-275 998
-273 725
-261 228
-261 875
-254 393
-250 0
-246 -258
-243 -715
-243 -110
-240 -991
-229 -291
-221 -51
-218 -363
-213 -222
-207 357
-206 -979
-206 -222
-205 221
-200 -977
-199 315
-190 -979
-184 -616
-184 335
-183 790
-171 94
-170 296
-169 -137
-163 -637
-154 783
-152 664
-149 676
-146 -183
-141 307
-141 1000
-136 363
-126 -295
-126 -121
-125 166
-124 542
-123 176
-123 952
-122 214
-121 -160
-120 -42
-119 -949
-119 627
-118 -148
-117 -366
-114 113
-113 890
-112 -521
-109 -216
-104 959
-102 -951
-96 -840
-93 -471
-91 -216
-86 910
-84 -779
-84 515
-83 749
-77 -280
-71 63
-65 226
-64 -376
-64 635
-60 70
-59 -745
-53 127
-44 477
-37 -619
-34 -363
-34 225
-33 -799
-33 -306
-28 -247
-21 -162
-17 805
-16 -143
-15 -602
-15 270
-13 -52
-8 948
-6 -15
-2 -837
4 -796
4 -507
4 -445
6 794
7 133
13 670
15 -433
16 54
21 649
22 84
22 117
23 -960
30 271
32 -539
33 -937
34 698
34 711
35 -430
40 556
41 -902
44 -565
45 775
47 -757
49 72
50 577
55 282
58 470
60 -835
60 -23
60 201
60 481
60 550
67 -923
67 391
70 -410
75 41
77 -418
79 -832
79 -476
83 371
84 -256
84 690
86 797
93 -438
94 768
98 -568
101 -558
101 244
106 -946
106 -5
106 373
107 832
108 -419
108 220
109 -227
110 -829
119 305
120 -317
121 17
121 910
121 948
123 925
124 381
127 -373
128 677
129 -381
132 299
132 492
135 215
136 -634
136 752
137 -81
138 879
139 263
139 412
141 794
141 888
152 -487
154 357
154 981
155 -321
155 273
155 595
157 -551
161 12
166 -834
167 172
170 597
174 -324
174 -7
174 138
175 -391
177 -828
178 -735
178 -727
179 -590
186 -342
187 -673
192 -924
195 -61
195 531
197 550
202 491
210 155
217 814
219 -847
221 -871
229 956
234 -777
241 -912
244 -368
244 -172
247 -890
247 433
250 -407
250 -347
254 -864
256 -106
256 -81
256 751
261 -418
263 78
264 -215
269 29
271 366
272 -345
272 -152
273 255
275 447
279 687
283 -118
283 -60
285 -948
289 -467
292 -432
294 291
295 -806
300 -984
304 -162
306 -438
315 -743
318 -99
319 220
325 -608
326 81
331 -318
332 -640
337 -1
340 -593
344 -371
350 320
351 349
353 -122
355 -560
356 -32
361 -696
365 98
365 716
373 -132
373 8
374 -555
376 -265
381 -961
381 -264
387 -744
388 975
389 -859
390 -752
391 -613
391 147
392 690
394 -517
395 -336
396 -320
396 232
397 -301
404 -247
405 -441
406 684
408 -655
409 -296
413 -725
417 -758
417 -711
424 882
425 -371
427 -969
434 307
435 617
436 866
437 -761
440 -39
445 704
447 334
448 776
449 -353
450 17
452 -537
455 -486
457 -828
463 -704
465 -920
466 -63
468 -203
468 849
470 168
471 224
473 -955
476 -695
479 -889
483 -487
489 -35
494 -379
494 583
495 -912
501 470
501 940
504 169
509 433
511 -466
511 884
512 -417
512 -326
519 454
522 141
524 864
533 545
535 -788
539 -264
543 617
544 959
545 443
547 270
548 -120
551 964
556 142
561 256
561 272
564 653
565 -865
565 -104
568 -384
568 322
570 -463
572 181
577 616
586 -475
597 -5
600 -154
605 -330
606 -332
608 179
612 -778
613 -797
613 -724
619 17
622 -63
622 411
622 539
625 12
627 539
636 -480
636 817
639 -413
643 630
645 -132
648 -164
649 -789
650 251
652 -957
659 -20
661 -381
666 706
666 958
671 1000
673 -283
684 206
686 -361
688 41
691 649
695 116
695 446
695 719
699 -262
701 248
705 -579
705 584
708 -205
709 946
710 646
715 918
724 61
725 -46
728 222
738 327
748 -367
752 920
753 -166
756 -956
756 0
757 -656
757 -621
761 480
761 813
765 625
766 929
767 560
768 -606
772 213
775 -380
776 494
788 842
790 33
791 -326
795 638
797 525
798 -470
811 360
812 -614
818 524
821 -686
821 -185
822 896
824 65
829 288
832 -465
832 -364
833 -335
834 -941
837 39
840 -738
843 833
846 -825
851 182
854 530
856 6
856 860
859 -941
863 -373
866 805
867 -844
867 628
871 225
876 554
878 -979
885 -180
887 96
890 58
891 -550
893 -341
894 484
896 -122
898 475
904 908
906 -439
909 -989
909 996
912 -148
912 449
914 255
915 288
916 393
918 -774
922 -972
924 -342
925 799
931 1000
932 709
933 303
934 -800
936 -973
937 25
938 -104
939 -681
942 -154
943 -91
943 1
943 710
944 47
944 308
958 -819
968 798
971 759
975 -595
975 656
981 -807
985 -859
986 -923
994 -43
