758
-998 -739
-996 579
-994 -623
-993 -489
-993 187
-992 558
-991 -693
-991 -208
-989 -854
-985 -287
-984 599
-983 -618
-983 748
-975 225
-973 -994
-971 646
-969 -976
-968 -909
-964 -932
-964 768
-959 -885
-959 160
-953 -616
-950 -753
-947 267
-945 -414
-943 906
-941 -571
-941 -469
-939 -55
-938 288
-935 -589
-935 819
-934 -738
-932 907
-929 -896
-928 946
-925 -105
-919 837
-912 -19
-908 598
-906 833
-902 -483
-901 -790
-900 -251
-894 932
-891 -920
-890 657
-889 -533
-887 89
-884 854
-880 -472
-877 -896
-876 -713
-874 -678
-874 231
-872 195
-870 250
-869 -901
-869 330
-867 -764
-866 -298
-865 -771
-865 206
-865 898
-861 148
-859 -754
-857 -36
-852 -895
-851 -435
-849 809
-846 -949
-842 621
-837 531
-833 333
-830 613
-825 -166
-824 447
-821 -327
-820 199
-818 -55
-815 468
-815 622
-807 272
-805 -570
-798 208
-791 -83
-787 151
-786 186
-782 9
-776 -360
-765 470
-760 -664
-744 647
-742 836
-734 47
-734 656
-733 789
-731 -768
-730 -341
-728 -875
-727 -628
-727 832
-722 -546
-720 -893
-718 892
-708 197
-706 853
-705 -27
-703 -838
-701 -410
-700 -583
-699 85
-699 675
-698 -527
-697 223
-693 -631
-684 -580
-683 -407
-680 393
-678 -921
-677 -858
-677 992
-675 -291
-673 -864
-671 121
-671 840
-667 670
-663 760
-663 762
-662 -129
-661 -294
-661 896
-660 -97
-657 -287
-656 -294
-649 -495
-649 -184
-648 -421
-639 -911
-638 461
-633 -647
-633 804
-628 -947
-628 -523
-625 -839
-622 -418
-619 -568
-617 960
-612 884
-608 -792
-607 -85
-599 -340
-592 68
-590 915
-586 -713
-585 -754
-582 -842
-582 417
-582 505
-578 -326
-578 204
-576 735
-564 -324
-561 514
-559 -745
-557 415
-554 -43
-551 -621
-551 957
-545 174
-545 222
-545 307
-543 174
-541 -310
-539 -513
-538 747
-532 789
-527 935
-524 -571
-519 -216
-519 934
-518 -237
-517 314
-517 663
-516 -795
-511 -685
-511 -336
-506 186
-506 942
-505 252
-502 -661
-500 -931
-498 770
-497 -449
-495 449
-494 615
-489 -774
-489 -639
-484 -948
-482 -451
-480 878
-479 222
-475 -547
-473 957
-470 -274
-465 -498
-461 202
-459 -212
-458 954
-454 -403
-450 854
-448 -202
-447 -549
-444 -659
-444 109
-437 203
-435 -640
-430 -426
-428 -556
-427 164
-423 587
-422 281
-422 767
-420 -595
-416 -766
-413 -407
-413 989
-411 262
-410 -735
-410 361
-408 -88
-407 326
-402 863
-401 563
-400 -204
-399 639
-399 908
-398 -67
-397 49
-391 -813
-390 916
-389 -403
-387 57
-387 445
-384 462
-382 -793
-380 329
-380 675
-380 860
-379 -394
-371 622
-363 -779
-362 -119
-358 -708
-357 -356
-356 -831
-348 566
-345 -762
-345 -569
-343 -691
-342 292
-341 -770
-338 871
-336 -258
-335 365
-334 -16
-333 -55
-331 -431
-331 814
-329 382
-327 868
-323 108
-320 -940
-320 -101
-317 -669
-316 -725
-314 -512
-313 -978
-310 474
-305 -866
-304 987
-301 0
-300 -680
-300 -76
-296 608
-293 57
-292 -160
-291 -313
-290 284
-289 -608
-287 -277
-281 719
-278 -200
-278 170
-277 148
-275 643
-273 -558
-270 -563
-270 -192
-267 979
-263 -300
-261 -307
-252 -963
-252 976
-249 537
-245 -291
-244 398
-242 130
-238 -576
-237 -513
-231 -744
-228 -879
-227 201
-220 681
-217 481
-215 -685
-213 739
-208 -161
-199 -337
-198 -635
-198 -41
-196 -228
-191 -583
-191 -504
-188 -967
-186 395
-184 -410
-182 746
-176 29
-174 626
-174 985
-168 825
-167 262
-166 -750
-166 970
-163 -848
-162 -818
-158 -135
-154 -345
-154 180
-154 853
-150 472
-149 -754
-147 -776
-146 -439
-145 -965
-142 -155
-134 -812
-131 -787
-126 -210
-124 630
-122 335
-117 568
-115 -998
-112 -910
-109 298
-108 -333
-107 700
-105 4
-102 -954
-102 -498
-100 -906
-97 841
-95 981
-94 604
-88 -574
-87 -985
-83 -376
-83 -314
-76 -668
-76 437
-75 -268
-71 -372
-68 439
-66 -633
-64 -184
-61 -57
-60 -625
-60 903
-59 -551
-59 740
-56 -465
-52 -940
-45 602
-45 665
-44 807
-32 118
-29 -955
-26 -925
-24 -215
-19 -165
-15 -352
-9 -295
-6 -998
-5 639
-5 951
-3 198
-3 325
-2 -834
-1 -631
15 -774
16 608
22 -958
24 572
30 -45
33 -286
36 -590
36 927
39 -791
39 139
40 -983
43 -101
49 -908
50 61
54 580
55 -176
61 10
61 391
63 -872
65 -790
69 -68
73 -91
78 -627
88 -467
97 161
98 -83
107 -976
108 106
108 906
112 259
114 570
115 60
115 654
117 -62
121 -385
126 281
126 404
129 -972
134 -146
139 -771
141 -848
141 59
151 -471
151 528
158 -936
158 -518
165 -146
169 841
169 885
170 -1000
170 455
176 696
183 496
184 987
187 -922
187 -141
189 -734
189 52
194 -954
194 313
194 686
202 -430
202 138
203 500
212 671
213 -852
214 -172
217 868
220 -241
222 -487
225 -468
225 838
228 924
229 295
230 183
231 54
233 922
238 349
239 -253
242 281
243 -772
249 -659
250 -9
256 355
261 -2
262 -477
262 -221
262 904
265 -376
268 963
269 -843
276 -321
277 -123
278 268
282 316
289 292
291 405
294 -497
297 -357
301 -371
304 14
310 -96
310 986
313 152
315 757
320 -648
320 -30
322 971
323 -696
326 807
337 932
348 931
350 379
353 -429
353 -167
355 -321
355 78
355 597
358 329
360 -792
361 -382
363 -845
367 -506
367 403
367 818
368 -88
368 728
370 432
375 928
378 406
380 745
382 -942
382 792
383 -568
384 -243
384 -59
393 -184
399 -806
405 -481
406 331
407 397
408 163
409 934
417 -164
417 204
421 793
424 -844
429 790
430 -722
430 473
431 -429
431 326
431 693
434 -269
435 -987
435 705
436 190
438 -898
443 -181
444 503
444 622
446 237
453 -920
453 -462
462 -698
466 207
467 -771
467 -196
470 -49
470 228
472 -566
474 -835
475 -760
475 -686
481 255
484 360
486 966
487 -771
487 -574
494 -714
506 -712
507 431
507 543
511 -144
514 -41
517 410
523 3
524 749
527 -243
527 285
528 934
538 -562
542 -803
546 -424
550 806
551 -538
552 -355
553 718
554 -968
554 -922
563 -473
566 -136
573 144
574 -42
575 618
579 -790
582 788
583 571
584 435
586 -297
587 697
589 -563
595 541
598 546
600 -918
603 748
605 867
609 -97
611 404
612 555
614 698
620 602
621 -610
624 -405
624 191
631 428
633 830
634 86
637 32
639 -596
644 72
647 -27
649 -773
649 580
651 -98
656 989
658 -502
659 703
661 -356
668 727
671 237
671 251
673 220
685 -998
687 -744
689 -392
690 -497
690 69
692 441
692 909
694 -438
694 11
698 195
704 -917
707 670
712 -557
714 -609
714 715
718 74
718 493
721 -556
726 256
726 663
727 -605
727 893
728 123
729 -918
730 264
738 -425
738 15
743 905
746 -337
750 85
760 -713
761 -594
761 799
766 -48
766 63
767 469
770 400
772 -790
772 -421
776 -618
776 163
784 -685
788 452
791 -630
793 -42
796 -972
796 -561
800 -811
802 382
806 556
807 -371
815 101
816 771
818 -744
819 654
825 -470
827 452
830 -558
831 750
833 235
833 250
833 393
833 467
836 -865
838 641
840 -352
846 94
848 59
866 455
873 107
874 479
876 -563
877 -883
881 -223
881 193
883 53
888 630
891 -676
895 -91
897 -366
901 162
904 -466
904 -270
904 -123
905 -671
905 875
908 -196
908 598
909 -388
910 842
911 711
920 -662
929 -667
934 -977
935 308
943 -830
944 -650
947 635
948 -442
957 631
958 -957
959 589
960 -132
961 834
963 997
969 -28
982 -471
984 -423
988 -898
988 965
989 367
998 -374
999 -622
999 -80
