659
-999 690
-998 -929
-996 -166
-994 789
-993 -976
-993 -370
-992 -548
-991 -568
-990 -987
-990 49
-989 453
-988 492
-987 -223
-982 -667
-982 -233
-978 -143
-973 -136
-968 489
-967 880
-963 731
-962 -437
-957 832
-952 176
-949 271
-944 511
-940 -435
-940 960
-939 -191
-936 428
-936 959
-934 378
-933 -181
-933 76
-930 608
-925 -144
-922 -380
-922 740
-918 -727
-918 744
-907 -979
-901 -771
-898 -795
-897 -869
-897 359
-894 -182
-893 -331
-892 -148
-890 357
-888 384
-887 -181
-887 456
-875 -916
-875 400
-871 936
-869 195
-868 -96
-860 -409
-851 -825
-851 -76
-849 536
-841 496
-839 -667
-838 557
-835 -377
-828 -724
-825 -524
-817 835
-816 657
-814 12
-809 506
-802 -374
-801 553
-800 854
-799 71
-797 -801
-793 281
-782 487
-777 205
-776 -832
-776 668
-773 716
-758 -584
-757 989
-755 311
-753 -199
-749 335
-749 718
-748 -531
-745 -244
-744 365
-744 767
-741 428
-740 98
-739 -735
-738 202
-734 -593
-733 403
-732 743
-731 -403
-730 -241
-729 -667
-722 -315
-722 308
-721 915
-718 374
-715 637
-712 -954
-712 208
-711 976
-710 849
-709 516
-704 264
-695 -545
-695 -66
-694 915
-687 -433
-684 -668
-683 -457
-680 -824
-680 846
-675 -87
-666 -250
-664 -532
-663 56
-658 -974
-653 470
-653 494
-651 320
-651 721
-648 -194
-645 607
-641 -563
-639 821
-637 746
-633 357
-631 166
-630 671
-627 -679
-623 387
-617 357
-615 95
-611 -191
-608 -14
-606 -410
-605 -233
-601 104
-601 796
-600 663
-598 -483
-597 -140
-595 666
-591 202
-586 -946
-580 465
-579 908
-572 -506
-570 -509
-568 -950
-565 -401
-564 -138
-564 -54
-561 -727
-560 -142
-560 -134
-559 290
-554 969
-551 -19
-550 246
-548 887
-547 -244
-537 -405
-537 69
-531 770
-530 -462
-527 -188
-526 949
-523 147
-514 473
-512 -615
-509 -222
-505 332
-500 -375
-499 -974
-491 410
-487 -842
-486 128
-484 -272
-482 312
-472 25
-464 616
-459 140
-459 191
-459 388
-455 -45
-454 310
-453 -589
-452 -706
-445 -446
-438 -190
-428 -791
-424 -573
-423 463
-422 31
-421 -535
-420 -39
-417 347
-416 799
-416 966
-415 -890
-415 755
-412 -433
-406 495
-405 758
-398 -442
-398 278
-398 923
-395 566
-392 613
-391 738
-384 918
-381 -66
-377 -503
-373 784
-371 -298
-371 435
-369 -791
-369 516
-363 -184
-362 -897
-362 -436
-360 -720
-355 -504
-353 -22
-350 375
-348 -271
-346 615
-343 -872
-335 666
-329 -312
-326 749
-325 -843
-325 -818
-320 677
-319 -636
-318 -712
-317 815
-312 39
-309 -78
-300 -359
-296 -921
-284 -598
-278 816
-267 19
-267 213
-265 383
-255 -70
-254 -331
-251 -309
-251 583
-238 154
-236 606
-233 -596
-233 471
-231 -649
-231 -31
-229 -723
-228 801
-226 -349
-224 463
-220 913
-211 -922
-210 -721
-206 -910
-206 75
-205 -958
-202 -321
-201 704
-200 -793
-199 725
-192 168
-189 406
-188 -115
-187 -246
-184 -486
-184 132
-179 -663
-179 85
-176 79
-173 -468
-164 106
-161 -300
-156 676
-150 -482
-146 -828
-142 -921
-141 -114
-138 660
-135 -78
-117 -815
-114 77
-114 227
-107 280
-107 530
-105 562
-101 -542
-96 -839
-94 255
-93 -97
-89 -116
-85 273
-82 242
-81 -342
-80 -977
-80 630
-76 -536
-73 224
-72 62
-71 43
-65 -575
-64 416
-63 821
-62 385
-61 -146
-54 501
-46 -270
-45 161
-43 634
-42 -148
-42 660
-36 16
-34 -342
-33 -341
-30 -438
-30 -343
-27 122
-26 630
-23 827
-21 -653
-18 187
-16 -627
-16 889
-13 516
-10 -1000
-8 -632
-8 313
-4 -973
2 -618
4 103
5 894
6 -100
6 308
10 369
18 -319
21 -666
23 -543
25 443
33 321
36 -843
39 -493
39 860
40 -49
41 19
49 -763
50 892
51 -245
52 499
53 -94
54 -124
55 95
59 -308
63 160
65 -29
72 -831
73 -817
75 174
79 -725
82 430
87 -118
88 249
90 -299
93 132
93 836
97 -361
97 805
101 482
105 646
111 357
127 655
131 -375
134 -589
135 585
135 771
140 666
143 655
153 896
158 -569
158 542
166 3
168 -900
171 -374
173 -509
173 -419
174 -787
176 -826
180 463
181 -677
181 -273
182 -718
183 447
190 -617
192 -644
203 -685
204 -260
210 881
211 -995
211 -340
212 -932
218 -885
219 285
227 -632
242 190
242 724
244 186
246 -477
257 931
260 -908
272 -139
273 20
277 -94
277 -40
278 -263
279 804
290 787
293 369
294 969
303 -510
304 -33
305 879
309 -241
314 -999
319 -999
329 507
330 -592
336 -722
347 -646
347 764
350 484
353 949
357 442
363 -251
364 726
365 262
382 44
383 -599
383 861
384 936
391 842
392 -941
408 -263
412 172
416 -564
418 -447
423 111
425 946
427 -271
427 -145
429 -860
435 -340
439 -106
448 639
450 -228
453 256
453 260
454 47
454 257
457 -799
462 951
465 -597
471 -521
472 239
474 -393
474 109
480 -674
482 -461
487 635
489 564
490 288
495 -288
497 -940
498 624
501 -778
502 -802
502 -675
504 -130
506 665
511 -240
514 788
515 59
520 -966
520 -475
521 -409
522 265
537 83
538 791
541 972
542 -419
546 918
549 233
550 -159
560 80
562 -697
562 117
565 647
568 -288
570 380
571 939
574 -880
574 706
576 938
577 -189
581 -474
582 766
584 -332
584 -114
585 355
587 320
591 -274
591 -145
591 119
591 495
595 695
599 547
604 533
605 -866
609 -576
612 836
614 106
615 -713
618 -286
619 -465
622 -556
624 -704
642 238
643 -453
644 146
647 -912
650 -128
652 942
655 -202
657 246
666 -107
669 -609
672 225
674 365
674 635
693 -780
694 -490
701 66
703 -750
706 -146
707 737
707 971
709 -70
715 -496
718 300
730 102
731 -248
731 435
733 -686
739 -224
742 -824
744 477
745 811
748 64
749 -447
751 -707
753 -730
763 -437
764 -804
764 34
764 935
766 -866
771 -528
772 -360
774 122
776 690
784 261
786 566
788 875
789 946
794 536
804 -999
815 -627
816 -459
817 603
819 -197
820 554
821 -425
821 765
822 -983
831 -811
832 -248
838 541
843 -483
845 -947
849 -541
851 -657
854 -553
854 -319
854 -85
856 -557
857 -848
857 571
863 -323
871 -497
871 181
875 -543
875 768
877 -118
883 -960
889 -916
889 68
893 413
896 -495
900 -465
902 -691
903 -303
905 -251
907 264
911 491
914 -542
918 152
918 479
919 166
931 -718
932 920
936 -395
941 333
941 917
945 -910
946 360
951 482
953 -262
957 -856
958 -349
962 -684
962 -480
963 76
968 579
970 -379
973 -787
978 -847
978 -690
989 -788
991 -651
991 -83
992 975
994 -51
997 572
