439
-999 555
-995 159
-993 -558
-985 836
-981 -509
-969 -108
-965 355
-963 -527
-961 -183
-961 334
-961 847
-958 359
-949 -52
-946 -228
-942 -102
-942 316
-933 504
-931 220
-921 882
-919 -542
-915 -826
-911 191
-910 76
-905 137
-903 -691
-903 23
-894 -694
-883 -325
-880 -160
-874 -427
-869 487
-867 838
-863 134
-862 -441
-861 -771
-853 -632
-851 -262
-850 491
-843 529
-839 -782
-839 -458
-837 -582
-837 -331
-831 887
-825 -591
-824 954
-809 -256
-807 254
-803 -566
-797 -684
-796 -890
-780 94
-780 690
-778 -108
-778 602
-777 -160
-768 736
-767 -903
-761 -696
-760 394
-755 624
-750 971
-741 567
-739 867
-729 -746
-727 -763
-722 138
-719 -688
-719 264
-718 -641
-713 -250
-710 -921
-702 -425
-697 -479
-697 653
-687 -353
-687 323
-671 -68
-667 736
-666 -204
-666 437
-660 79
-657 -829
-657 -798
-656 -348
-650 -404
-650 -201
-639 937
-637 -373
-637 421
-634 287
-629 -910
-626 -706
-624 -46
-624 773
-620 -961
-610 545
-608 434
-607 -488
-598 -826
-583 -643
-582 86
-577 -228
-568 242
-565 -967
-561 411
-560 -729
-552 712
-545 -371
-539 -150
-539 467
-538 -55
-537 -773
-532 -770
-532 596
-530 449
-527 591
-524 912
-515 -491
-509 -456
-507 -604
-502 623
-500 183
-483 815
-476 560
-474 276
-465 -220
-461 505
-460 845
-459 -969
-459 -493
-456 88
-451 39
-433 814
-423 965
-422 -870
-422 219
-419 -183
-418 -225
-416 293
-415 333
-408 -424
-401 -848
-396 -698
-390 -451
-389 -315
-385 -739
-366 -102
-364 -454
-355 -869
-343 590
-341 -695
-339 -446
-338 998
-333 628
-331 -406
-327 -388
-326 651
-324 342
-321 -886
-316 262
-315 -701
-315 916
-314 -669
-301 -585
-300 -921
-295 949
-292 399
-291 933
-290 -543
-288 -522
-283 -510
-280 863
-277 471
-272 -954
-272 -250
-272 -188
-266 -249
-265 673
-259 695
-258 259
-237 -579
-234 560
-220 493
-217 370
-214 907
-209 -728
-207 -551
-206 889
-205 -879
-198 118
-182 -272
-170 -313
-170 19
-162 376
-160 -885
-158 308
-154 88
-153 -813
-149 -17
-144 -601
-141 -891
-140 244
-136 341
-133 -43
-118 -692
-111 -946
-106 -596
-106 888
-101 273
-100 -632
-98 356
-92 -749
-83 -757
-73 -506
-69 -486
-65 226
-63 90
-53 956
-50 -28
-42 70
-31 564
-24 156
-15 -414
-14 485
-11 -526
-10 -782
-5 512
-4 784
3 -366
3 787
3 881
8 666
20 -311
33 108
35 298
36 -825
44 -624
46 489
59 42
70 -683
76 924
78 -481
81 -168
88 -90
91 -247
92 -654
93 32
96 -609
96 -407
96 445
97 -717
101 -798
105 -472
114 -891
117 -515
136 -489
143 -284
148 -259
151 -127
152 -50
153 -727
168 187
168 732
171 -832
172 543
173 109
181 102
186 336
188 62
189 71
203 990
222 -103
223 266
229 145
242 738
245 790
247 -479
247 -365
256 105
258 -532
258 -470
258 -292
261 224
268 133
272 934
273 -309
279 342
281 -949
283 689
285 -905
293 -960
301 -13
303 -798
305 -156
324 514
326 -289
328 -5
329 -639
336 -67
337 127
343 -385
343 538
356 427
357 -399
359 -320
370 856
371 -47
376 384
378 581
382 -95
383 544
386 -565
394 -468
394 154
402 -49
424 -473
435 -413
439 -160
440 -284
447 -777
455 -842
466 -433
467 -375
472 -54
475 512
481 285
490 941
491 888
499 -390
504 -583
506 299
507 830
509 -704
514 382
519 922
522 123
530 -728
533 -769
539 -505
540 -861
541 663
544 816
544 860
548 -620
551 379
558 200
566 1000
577 -381
578 355
579 -945
583 232
593 125
596 931
600 280
602 -374
605 788
612 902
613 -476
615 291
621 894
622 98
625 712
629 -354
629 77
632 -116
634 -465
636 764
638 -588
647 -167
662 -422
667 -858
667 60
673 -792
674 731
675 -142
689 -26
689 658
692 541
707 935
708 -970
718 -865
725 -478
726 -601
739 -412
742 -727
753 -687
758 -474
777 946
783 -876
788 448
789 -694
794 -262
796 -273
799 954
803 191
811 752
812 -41
821 363
825 377
842 770
843 -91
856 -177
859 -240
866 932
872 -95
872 654
884 223
885 408
886 188
890 658
902 114
908 695
908 879
911 219
911 736
912 -984
912 879
913 -729
914 -892
914 -351
921 -47
922 -376
923 978
925 -512
935 -954
939 -208
941 -894
945 867
959 -609
963 -687
967 -547
967 -351
974 -445
974 457
974 917
981 -294
986 -847
994 945
