491
-997 -244
-997 607
-993 341
-990 -742
-989 -889
-989 -160
-988 -180
-984 416
-983 -85
-982 -205
-982 820
-980 119
-980 580
-973 -818
-970 -821
-967 631
-966 -474
-962 -442
-961 510
-953 -874
-951 -305
-951 460
-941 962
-938 154
-930 896
-928 862
-923 948
-918 -821
-918 68
-909 306
-907 3
-906 -591
-906 204
-899 618
-895 858
-890 -186
-889 315
-888 354
-887 -674
-881 -915
-875 -961
-875 158
-872 76
-871 -740
-869 -316
-867 -889
-867 946
-864 731
-859 1000
-848 688
-847 -656
-839 105
-833 902
-832 696
-824 -702
-822 731
-821 -323
-820 110
-818 92
-817 941
-815 613
-808 -546
-806 -743
-804 108
-798 363
-795 -975
-788 -621
-786 245
-783 -121
-783 135
-779 156
-769 -20
-765 -809
-763 -221
-762 -742
-754 735
-746 -582
-739 173
-732 205
-723 -927
-711 822
-709 866
-707 668
-706 140
-692 93
-689 -636
-687 -940
-678 -371
-676 685
-676 830
-674 -741
-665 -666
-664 -835
-663 367
-661 -877
-656 -925
-643 -730
-639 150
-639 380
-637 117
-631 -685
-624 688
-622 566
-621 -720
-618 -808
-615 277
-612 -415
-612 -13
-601 -652
-589 591
-579 901
-577 -795
-574 193
-573 -526
-570 -177
-569 -906
-567 -412
-566 -767
-566 74
-565 598
-556 -438
-552 470
-542 515
-542 725
-532 71
-527 192
-524 815
-523 -715
-523 -153
-522 963
-519 481
-517 935
-508 -621
-508 -111
-502 -39
-500 676
-494 -264
-491 -706
-491 -652
-483 532
-482 445
-479 448
-478 582
-469 -19
-469 32
-459 -777
-456 188
-455 -824
-450 -522
-444 -502
-431 -721
-428 141
-419 -765
-416 248
-411 -269
-406 -302
-403 334
-402 -886
-402 -147
-395 -335
-394 -169
-381 896
-378 -847
-377 639
-370 196
-367 -633
-359 -466
-355 693
-354 24
-346 -559
-344 627
-335 319
-328 -257
-314 790
-313 149
-312 268
-309 -439
-308 -826
-302 264
-300 133
-299 -358
-292 521
-287 -712
-281 -361
-267 -103
-264 -533
-257 -928
-256 -960
-255 -920
-251 -8
-250 -238
-246 -742
-244 185
-240 973
-238 -598
-235 498
-228 549
-227 -502
-225 161
-224 487
-212 264
-205 5
-200 -831
-197 -199
-192 472
-191 -190
-180 -355
-177 -495
-175 -858
-175 354
-173 245
-168 -494
-168 -100
-164 990
-162 -614
-152 701
-151 -40
-122 -962
-120 949
-118 -931
-116 179
-115 -325
-105 384
-103 -8
-102 251
-100 -554
-96 992
-95 -838
-95 -647
-92 -926
-75 -341
-74 536
-74 902
-72 359
-62 -178
-60 -863
-54 196
-51 -105
-49 -952
-41 -333
-40 522
-39 990
-38 -880
-38 -616
-32 -729
-28 -334
-25 -437
-13 -573
-10 -46
-9 -537
1 -892
4 304
13 -114
17 288
24 -855
26 602
32 -154
35 -431
35 207
40 -448
40 972
46 142
53 -187
63 -914
71 144
73 -601
74 631
75 -142
75 -61
81 219
91 -845
99 -881
99 -635
101 768
106 333
113 522
121 -917
121 501
123 -40
125 170
129 882
130 746
131 -153
134 -817
139 -780
143 629
144 -693
144 -689
145 193
159 277
159 986
169 -64
174 -617
185 -617
195 752
199 -471
202 -538
203 -213
210 152
214 -968
216 727
220 -675
226 47
230 -829
232 -21
233 283
248 -63
255 -201
256 -692
257 -196
268 381
269 569
275 -598
302 979
314 -427
319 826
321 -601
324 -778
327 11
329 -642
334 567
342 -515
344 739
346 96
348 194
361 -380
373 538
376 -159
384 334
390 566
392 -833
397 671
398 265
402 -204
407 -844
407 607
412 119
413 -522
417 -483
421 -946
421 356
435 -782
437 -121
445 552
447 637
448 -268
451 711
452 -207
454 -929
463 -201
463 630
465 636
470 882
472 -152
473 930
474 -733
474 150
477 527
479 -102
481 -16
487 -156
490 -746
490 -10
494 161
497 588
501 -125
510 -172
514 884
519 -453
520 -806
528 766
529 -778
531 -973
535 -543
546 -259
571 807
575 165
577 923
579 -923
579 -458
582 847
585 328
597 -158
604 -407
605 204
610 433
612 128
612 800
614 -408
620 -660
624 119
631 448
634 -485
634 954
641 -462
647 -911
659 -595
663 522
668 -925
670 -980
670 137
671 -987
672 -557
682 641
684 -407
689 -673
689 724
695 518
700 -610
701 -253
704 -780
708 41
709 447
711 955
715 -262
727 959
729 -620
730 592
754 328
772 869
773 -334
773 664
776 558
778 713
797 774
798 997
800 -726
801 -980
801 -305
803 -230
806 -708
813 -755
814 -662
825 -501
828 891
834 460
841 -48
843 -316
843 351
848 -931
848 439
852 194
852 622
854 232
857 208
857 280
860 571
862 896
864 487
865 640
866 16
870 -803
882 -839
885 34
888 90
891 -749
891 -703
891 655
892 -905
895 -155
912 322
915 305
922 525
926 -750
927 -362
930 511
931 268
932 -209
934 -175
941 273
943 -75
943 875
943 996
946 53
948 -101
951 -622
956 -302
960 -480
964 -3
965 432
973 -741
974 -208
975 875
976 -304
978 -237
985 581
991 -20
995 -990
995 740
996 16
998 798
