996
-1000 -642
-1000 283
-997 -530
-996 435
-993 -838
-991 961
-990 -887
-989 85
-987 452
-986 22
-984 -755
-982 -842
-982 548
-981 89
-978 -860
-977 -548
-976 189
-976 700
-975 -145
-972 -113
-972 73
-969 -663
-968 -997
-967 433
-966 166
-965 448
-961 336
-960 3
-960 171
-960 992
-959 -528
-959 509
-955 -814
-954 -392
-954 340
-952 -620
-952 988
-951 -463
-940 -638
-938 886
-936 -612
-932 -47
-930 -726
-930 263
-929 -311
-929 -289
-928 902
-926 -294
-925 -790
-922 -895
-921 189
-917 0
-916 -378
-913 576
-909 498
-908 -23
-905 781
-902 -990
-902 287
-900 -659
-898 472
-898 514
-898 941
-896 996
-895 -588
-889 -964
-888 -656
-888 -461
-885 -351
-880 -775
-878 543
-874 -398
-872 -564
-870 518
-867 175
-866 609
-866 646
-861 576
-854 871
-852 141
-851 -173
-849 635
-847 -26
-843 862
-841 -35
-840 -321
-837 -478
-836 -886
-834 -457
-833 154
-832 366
-827 -160
-823 -673
-821 -248
-816 954
-813 633
-812 -134
-807 690
-802 -653
-801 171
-800 -688
-792 732
-791 -752
-788 -429
-788 479
-786 34
-785 -494
-777 356
-776 526
-774 143
-773 -242
-772 -183
-770 -224
-769 -818
-767 349
-766 473
-764 -658
-762 909
-760 203
-755 176
-751 -610
-751 857
-750 -568
-747 -358
-745 -482
-742 -57
-741 -144
-741 220
-740 -999
-736 -298
-736 547
-735 988
-732 -972
-731 -330
-728 -552
-726 845
-723 944
-722 -225
-718 420
-713 798
-712 -977
-707 497
-704 245
-702 -67
-700 -977
-700 282
-699 -752
-697 511
-694 -333
-694 518
-691 344
-689 -825
-688 -885
-688 -165
-687 382
-682 -277
-681 875
-676 -3
-675 393
-667 -114
-666 302
-665 -214
-662 -349
-657 -685
-655 -58
-652 174
-650 769
-649 761
-648 -147
-646 733
-644 -690
-641 554
-640 716
-639 350
-634 104
-628 493
-623 -307
-619 121
-619 404
-619 938
-618 -21
-618 602
-618 689
-617 207
-617 861
-615 259
-614 -755
-608 -918
-608 -617
-604 132
-601 -976
-601 418
-600 205
-598 701
-596 961
-595 -11
-586 915
-584 0
-581 618
-580 -439
-578 17
-575 386
-574 147
-574 881
-573 753
-573 837
-572 -823
-571 808
-570 730
-566 -435
-561 -846
-560 -602
-559 512
-558 -766
-557 681
-556 -364
-556 587
-553 194
-551 145
-551 434
-546 765
-538 -468
-536 -965
-536 -630
-534 461
-533 627
-533 724
-530 -927
-530 843
-527 957
-526 -235
-525 -620
-521 257
-521 442
-520 -946
-520 824
-519 823
-518 -228
-517 -733
-515 -595
-515 394
-506 465
-501 534
-501 639
-501 903
-499 913
-498 577
-497 958
-493 -494
-493 -431
-493 351
-492 889
-489 -801
-486 858
-485 -737
-483 519
-481 698
-479 -110
-478 -462
-469 -375
-469 -338
-468 -15
-466 -359
-465 733
-462 -566
-462 -244
-461 -39
-459 401
-458 -401
-457 853
-456 670
-455 878
-453 -983
-450 -949
-448 -389
-445 264
-443 403
-443 915
-442 -839
-441 659
-440 -41
-435 -186
-429 -745
-429 -403
-428 34
-424 -801
-422 -380
-421 -374
-416 896
-415 339
-415 412
-412 -517
-408 -969
-406 -690
-395 -197
-393 -614
-392 -338
-392 -43
-388 -770
-386 724
-384 58
-375 484
-374 -269
-374 199
-373 817
-372 -281
-370 -878
-366 -238
-366 177
-365 -615
-365 -81
-365 94
-365 811
-363 -446
-357 774
-353 -676
-352 -388
-351 212
-350 196
-349 117
-346 -501
-343 637
-341 -693
-341 -590
-338 125
-338 568
-336 -615
-334 980
-332 -729
-331 657
-330 272
-328 -152
-328 799
-325 333
-323 -288
-317 516
-316 477
-315 -10
-314 -352
-309 286
-308 145
-308 147
-307 -494
-307 98
-307 929
-306 -654
-304 -968
-301 558
-300 873
-295 831
-293 -964
-293 -849
-291 -701
-291 505
-287 -444
-287 -281
-283 -427
-281 442
-278 723
-276 11
-274 855
-273 -605
-272 273
-270 108
-269 -423
-268 -841
-260 -729
-258 515
-254 -145
-252 519
-249 978
-246 -255
-243 -961
-238 222
-236 -696
-236 458
-230 -884
-230 -335
-230 757
-229 -955
-229 -587
-229 385
-228 449
-225 -354
-223 -165
-223 387
-221 988
-213 -940
-213 -754
-205 -513
-198 357
-192 -249
-192 232
-190 -97
-188 30
-187 113
-180 -584
-177 -212
-177 51
-177 371
-175 -500
-174 -871
-172 500
-171 -891
-169 -667
-168 335
-167 -840
-164 -391
-162 -545
-162 751
-159 -723
-156 -652
-155 608
-154 -675
-148 -174
-147 904
-146 -536
-146 -38
-145 -635
-145 -619
-144 310
-144 362
-143 997
-141 594
-140 -240
-134 -688
-134 633
-133 -154
-132 969
-131 -669
-130 -219
-125 -110
-121 502
-120 970
-118 -252
-113 937
-112 360
-109 332
-108 -692
-108 767
-104 -655
-98 -938
-97 -973
-96 298
-96 528
-94 -225
-94 -168
-92 781
-91 -382
-90 711
-87 907
-87 965
-85 408
-85 860
-84 -907
-80 117
-80 321
-79 657
-78 300
-77 910
-75 554
-74 -688
-72 -592
-72 -177
-72 -120
-71 564
-65 777
-63 -425
-62 159
-59 -617
-55 89
-53 818
-49 -502
-48 -674
-47 519
-46 -915
-46 770
-43 -821
-41 -316
-41 199
-38 -188
-37 325
-35 89
-33 -718
-33 -181
-32 -711
-29 136
-29 240
-28 897
-27 19
-23 -538
-23 317
-21 -742
-19 -453
-13 478
-8 -340
-2 519
4 183
9 -122
14 -819
16 381
17 -348
17 802
20 517
21 119
22 432
23 -809
24 -252
25 -25
26 102
27 -915
27 -578
28 -769
30 431
31 238
32 428
34 732
35 -850
35 -118
36 -253
38 -966
42 -144
49 -822
51 -1
52 -674
53 -564
54 109
59 421
60 128
70 -204
71 -426
72 -11
72 797
76 691
81 -231
82 -253
82 197
83 -605
84 231
86 -295
88 485
89 -896
89 -26
89 923
90 -6
91 -289
92 -280
97 -634
100 -862
102 -361
103 -803
107 -546
107 446
109 -888
114 20
115 627
117 -477
117 459
126 -627
127 841
129 503
130 -17
136 -36
136 635
136 841
142 294
144 595
145 681
146 -111
158 -720
158 785
160 -326
161 -783
162 -765
165 -676
169 952
172 -218
172 609
178 441
179 -71
180 -742
181 536
183 929
184 863
185 -591
187 310
187 420
187 970
188 -879
188 -91
191 -591
192 494
196 345
197 -573
198 341
199 -223
200 -710
200 -212
200 937
202 839
204 -347
204 187
210 -707
210 -158
216 -996
216 -965
218 66
227 -645
227 720
229 819
230 -875
230 -849
231 165
235 -947
235 653
236 96
240 -945
241 884
242 530
244 220
244 443
245 -489
245 -327
245 -60
248 -117
252 -34
253 934
255 420
257 -954
257 -574
260 89
263 -562
268 231
268 936
270 -80
270 100
272 179
276 62
277 -601
279 843
282 77
282 409
289 -88
291 401
293 -502
294 -646
297 -81
298 46
301 -221
301 135
302 -4
305 -822
306 -525
307 483
312 -742
313 313
314 -311
315 589
316 126
317 -459
318 803
319 -620
322 794
324 61
324 700
328 -156
329 937
336 760
339 324
342 -291
343 895
349 -461
351 685
365 -245
371 -473
372 -166
377 -268
381 944
384 569
387 -314
387 369
387 470
389 241
392 710
393 43
394 33
394 790
400 -331
403 445
404 472
411 -556
420 166
420 999
427 405
435 -359
437 567
438 -992
438 -766
443 -379
443 -48
445 446
446 384
447 -815
447 783
448 999
449 919
450 -633
459 -838
459 649
461 -965
461 -338
467 225
469 968
469 974
472 404
478 -399
478 141
479 144
481 -64
481 179
482 -725
488 264
491 -982
491 -620
492 -564
492 -337
492 -119
494 335
495 151
497 -317
497 -59
498 -968
501 -80
502 271
505 -519
512 773
515 407
516 820
519 -288
521 -640
524 893
527 439
527 753
528 -503
529 -648
529 832
530 -929
534 -952
535 854
537 -645
540 312
542 -302
542 283
546 -526
546 -274
549 765
550 -209
552 -759
552 -459
553 -949
553 273
557 -227
557 888
562 -370
563 -149
564 -425
564 676
565 -70
567 -903
568 327
568 598
569 -598
570 -472
570 -398
571 -863
574 -661
576 619
578 622
579 -19
580 -193
583 642
586 399
586 949
587 -982
593 481
595 867
598 479
599 -543
599 -520
599 73
599 129
600 -44
601 961
604 136
608 -656
610 -450
616 226
619 -866
621 -411
623 -409
625 -630
626 -950
626 -82
626 467
627 137
628 158
629 -507
630 814
631 -863
631 -777
631 593
632 -491
632 540
633 385
636 -603
636 704
638 -667
639 -168
640 -889
642 -388
647 794
652 94
653 -951
654 81
655 199
657 812
660 -297
665 55
666 -319
671 478
671 895
675 -759
675 894
676 16
676 274
678 -270
678 -84
682 -729
683 910
686 -58
689 503
692 -234
693 -520
698 139
698 699
701 -223
701 904
703 -993
703 728
704 -965
705 827
706 332
706 517
708 -564
708 833
709 -777
717 37
723 555
724 457
727 676
729 483
731 417
731 435
732 -3
734 -12
734 643
734 812
741 784
745 25
746 -12
751 599
757 646
761 -872
761 278
766 -545
767 -178
774 323
777 165
777 259
779 795
781 -483
785 -88
786 -755
786 -270
786 96
787 512
787 688
788 -779
792 36
796 281
797 412
797 965
801 -456
801 952
804 -364
804 374
808 339
812 -377
812 6
812 242
812 554
813 852
814 126
816 -630
816 -456
817 498
821 792
822 235
823 -132
823 245
825 -673
826 227
829 212
831 -179
837 -140
843 -480
844 -898
848 -880
848 -409
849 636
852 -569
853 -961
854 342
855 4
856 983
858 -364
858 -160
859 -56
864 623
866 -578
866 651
867 -100
871 -283
873 -788
874 -316
882 -952
882 -261
883 -745
887 278
889 196
889 710
893 -653
894 -966
894 255
896 -291
899 10
899 756
900 995
902 -570
905 -744
906 321
910 35
911 -897
912 -77
914 -570
915 -740
920 -190
920 779
923 174
924 23
931 -418
932 576
933 -58
934 -527
934 -193
934 -22
936 -408
937 285
938 87
943 -498
944 218
945 -224
951 -572
951 383
953 -864
954 743
956 -772
960 437
961 -672
964 144
965 980
969 -373
973 -219
973 198
974 -457
980 -750
981 -13
981 258
981 708
982 -811
988 -217
991 686
995 886
996 485
997 630
1000 -526
