112
-994 709
-993 867
-987 -649
-987 541
-982 -948
-977 457
-956 89
-945 -275
-935 822
-909 7
-896 -258
-877 -267
-870 219
-849 708
-844 137
-833 -673
-828 513
-827 -198
-821 -545
-814 -593
-809 -312
-802 -283
-793 -858
-768 249
-748 620
-730 -818
-711 -67
-696 644
-646 361
-568 12
-563 589
-562 425
-559 403
-520 -135
-494 -432
-455 870
-422 -66
-400 521
-366 -689
-359 567
-358 867
-347 -141
-329 -451
-325 128
-321 205
-317 -567
-293 -52
-247 895
-245 695
-185 -40
-173 -729
-146 411
-112 797
-95 -160
-85 -342
-71 733
-70 -161
-38 164
-10 642
23 -816
29 -482
57 -630
102 84
113 295
157 91
169 829
177 10
206 -490
248 876
256 708
264 433
282 591
299 555
300 -763
302 -722
329 289
340 -783
341 699
373 63
394 -155
395 -368
404 8
431 751
443 -80
456 -944
474 -973
500 960
515 919
528 -658
538 -455
539 -626
567 -244
579 438
580 -312
581 804
601 766
609 100
626 -311
631 -501
640 -36
641 -338
660 751
664 -684
737 -815
747 -825
845 -322
848 -71
910 -805
947 -7
957 769
972 -524
973 -264
