730
-992 244
-991 -817
-991 199
-991 646
-987 688
-985 -165
-985 3
-978 207
-971 165
-968 703
-967 -794
-967 -403
-967 270
-963 138
-958 -469
-955 -393
-954 -773
-954 -168
-951 734
-949 60
-948 -288
-946 -25
-943 132
-941 590
-938 2
-935 -649
-929 624
-926 -699
-925 264
-919 611
-912 516
-906 -991
-901 -404
-901 940
-900 8
-900 337
-900 960
-899 -459
-894 -580
-893 -998
-893 -762
-893 194
-893 967
-890 -332
-890 -284
-888 -207
-884 -604
-884 -330
-883 -315
-881 -473
-881 97
-881 786
-861 829
-859 -928
-858 -552
-857 -222
-857 183
-854 -289
-853 693
-844 -692
-843 -966
-842 739
-839 120
-839 641
-838 -393
-829 229
-828 -213
-827 -501
-827 904
-826 4
-824 -505
-818 -202
-812 -535
-811 -604
-808 315
-805 831
-800 -700
-797 235
-795 -417
-791 -64
-778 89
-777 492
-776 109
-774 59
-774 455
-765 -703
-760 968
-758 -923
-758 183
-755 610
-754 582
-753 711
-746 899
-743 -20
-742 282
-741 -315
-739 153
-737 -385
-726 -628
-721 380
-719 25
-707 -509
-704 -927
-701 -240
-695 908
-690 -673
-685 875
-684 853
-677 -56
-671 -308
-668 -994
-665 40
-665 577
-665 787
-664 340
-660 -830
-660 -551
-656 667
-654 -715
-652 -341
-652 738
-651 905
-649 -97
-648 24
-646 -2
-645 -738
-645 325
-643 732
-642 -711
-638 -547
-635 -912
-634 551
-631 -997
-630 643
-629 -667
-627 348
-625 758
-620 940
-618 -809
-617 -574
-616 77
-615 472
-609 417
-608 767
-608 970
-604 -950
-604 -190
-604 -167
-602 110
-600 -483
-599 466
-597 102
-596 173
-591 549
-589 -624
-589 3
-587 -281
-587 -258
-587 93
-584 -362
-581 -399
-580 -611
-579 -953
-576 438
-570 334
-570 397
-569 -713
-566 -836
-565 -229
-563 -693
-561 -718
-561 -586
-559 605
-558 375
-558 514
-557 -382
-556 -992
-539 757
-537 -480
-531 205
-531 467
-530 -449
-527 255
-527 966
-526 -857
-526 530
-522 492
-522 958
-521 -742
-520 -542
-517 665
-516 -975
-516 594
-510 633
-507 -157
-504 -963
-500 -61
-500 181
-497 -226
-490 136
-489 237
-489 590
-488 432
-485 -589
-479 726
-478 644
-473 314
-463 938
-460 784
-460 886
-459 595
-458 217
-452 -565
-450 380
-450 580
-449 -757
-446 -373
-446 -172
-445 134
-445 616
-444 -751
-441 639
-439 -100
-437 571
-436 818
-436 969
-434 -202
-423 -490
-416 -993
-415 110
-414 -43
-408 812
-407 228
-406 756
-401 7
-400 897
-396 536
-392 -49
-384 -127
-383 638
-378 -273
-376 -311
-376 -25
-374 -875
-372 920
-370 -439
-369 201
-364 -847
-364 -661
-361 -229
-358 508
-353 235
-350 -252
-347 -522
-345 662
-342 -65
-341 961
-339 -760
-337 708
-336 -799
-330 -374
-327 -162
-326 204
-321 -788
-319 89
-319 708
-316 807
-316 944
-311 580
-307 289
-303 974
-302 -304
-296 -745
-294 -526
-293 324
-292 -854
-289 -864
-285 -478
-282 -187
-280 884
-277 -200
-271 -676
-269 379
-264 -152
-264 217
-263 -783
-262 528
-256 -307
-255 -345
-255 -130
-255 182
-248 -969
-244 -925
-237 -554
-235 2
-232 340
-230 -311
-227 -504
-227 -169
-223 264
-220 -476
-216 -151
-213 149
-209 963
-207 -591
-207 -547
-205 -850
-197 -1
-193 -901
-193 847
-191 -824
-190 -266
-186 -556
-186 864
-185 -965
-185 544
-176 237
-175 606
-172 -798
-172 393
-165 -210
-165 7
-159 264
-158 -127
-158 101
-152 -726
-150 346
-149 -819
-146 -879
-144 -224
-141 409
-137 -230
-133 256
-130 798
-127 927
-124 -754
-123 203
-120 510
-120 747
-118 140
-113 -63
-109 388
-108 102
-103 740
-102 76
-101 516
-99 674
-99 862
-96 -392
-94 -774
-93 461
-89 -566
-85 452
-82 202
-79 -812
-68 -647
-67 761
-66 29
-64 -85
-59 621
-58 391
-56 -204
-54 -12
-54 928
-53 -951
-47 -631
-39 -42
-36 231
-34 -570
-27 -908
-21 -415
-21 96
-15 -250
-7 -950
-7 -304
-6 -598
-5 -288
-3 -86
-2 -468
2 -333
4 -474
7 -19
7 142
13 -112
16 -669
21 -643
26 453
28 -972
28 -929
29 698
30 799
31 -660
33 518
36 -366
36 685
43 -568
46 472
64 -382
65 -892
65 812
66 995
70 -313
70 -303
76 -12
77 299
78 956
82 -528
82 769
90 909
92 642
96 916
102 729
105 -724
107 -822
108 -372
109 109
113 898
114 -285
118 -130
120 -682
120 693
121 -559
127 -21
136 45
137 75
138 -301
141 -441
146 -911
146 -779
146 -289
147 -236
153 604
154 -440
154 -437
155 75
156 628
157 478
158 117
159 -208
162 -765
163 -552
168 -86
168 155
170 831
172 -175
175 97
180 838
188 -699
188 340
188 391
190 -915
190 -448
190 489
191 711
192 -318
193 555
197 -413
198 598
205 406
207 -946
210 58
211 -24
216 -996
231 -104
233 -957
235 -458
242 -84
245 281
248 398
249 -967
251 -354
255 606
258 60
260 12
261 819
263 398
266 164
268 654
273 -610
274 137
275 203
277 -192
286 -172
290 569
300 382
302 595
303 464
307 522
308 -558
311 398
317 387
319 825
321 370
325 -326
325 722
337 811
339 -775
339 -210
351 309
351 823
354 349
355 -823
360 -721
360 570
364 774
366 -721
367 296
377 -43
381 835
382 -589
382 -433
385 596
393 -211
396 -805
397 -773
399 -968
399 -596
399 502
403 -848
405 -367
410 -425
414 -359
414 230
418 873
420 -871
424 -751
425 387
428 -998
428 134
429 353
430 -511
431 -687
436 60
439 -632
441 -211
442 -516
442 84
447 -651
448 -685
450 664
458 -488
467 -970
467 656
470 -139
476 -368
476 771
481 -445
483 602
488 -470
490 498
491 163
495 50
499 54
507 815
509 266
516 954
517 962
525 -944
529 -684
531 602
536 80
537 -973
537 523
538 -317
541 291
542 -142
554 272
555 -584
557 519
558 -99
559 -466
559 937
563 -567
564 929
566 -743
567 756
571 -519
572 -133
573 -726
575 -320
577 423
581 340
590 624
591 382
592 214
594 -772
594 24
597 431
598 -958
606 -957
607 171
608 -503
608 649
615 191
618 853
626 239
628 -494
628 183
632 -261
633 844
636 352
639 64
641 -952
645 715
654 649
656 585
657 642
658 -70
659 -220
665 -643
665 -104
666 1000
671 -850
675 310
677 216
679 -520
684 451
685 -664
687 748
695 -124
695 952
697 -503
697 -342
697 301
700 -845
705 623
706 944
707 745
708 900
710 305
714 200
715 -979
719 223
720 835
723 793
728 -853
729 654
733 781
734 -647
736 -734
738 -632
739 -191
741 175
744 -996
744 -753
747 -756
754 269
758 91
758 168
763 102
764 20
766 -908
769 567
776 888
783 -737
784 -992
785 384
787 -369
792 -353
792 296
796 -258
796 555
796 748
797 71
798 -418
804 636
805 -542
809 951
810 -852
814 773
821 129
829 249
832 -103
833 551
835 26
840 -973
845 515
846 -692
848 608
849 428
850 390
860 671
862 491
863 744
874 306
875 59
877 287
880 -809
882 599
883 535
883 958
884 54
889 53
893 379
897 700
898 -306
901 -409
909 -720
910 746
914 -880
914 582
917 404
918 -865
918 -838
920 -648
921 -835
924 838
925 -978
926 802
932 -710
934 164
940 614
943 678
944 -745
944 704
955 731
969 364
973 -55
976 -66
977 -906
978 227
979 -658
982 -642
982 -40
989 185
991 -59
991 284
991 647
992 -639
994 -240
