531
-1000 -314
-997 -554
-996 -479
-995 411
-986 -316
-985 -920
-984 691
-980 14
-980 312
-979 9
-974 739
-971 543
-970 -504
-970 454
-969 555
-968 411
-967 -233
-961 -222
-958 732
-954 460
-953 -712
-953 306
-949 -231
-947 -767
-947 -491
-942 710
-928 -934
-928 947
-923 -953
-922 -684
-913 999
-910 -446
-908 -907
-908 -281
-906 362
-901 -853
-901 -388
-898 30
-897 -41
-882 -37
-877 -216
-870 -145
-868 -967
-863 497
-859 -691
-858 -103
-854 910
-853 -31
-851 -233
-850 -914
-850 52
-844 -620
-841 20
-836 -973
-823 -431
-822 243
-819 499
-819 678
-807 -2
-801 -453
-799 267
-791 709
-790 -93
-789 -435
-782 -804
-782 463
-781 389
-780 29
-779 -690
-768 -650
-766 266
-752 -848
-749 -444
-748 854
-747 -620
-746 -754
-746 70
-744 660
-739 563
-738 -306
-737 -731
-734 663
-733 -692
-719 -666
-719 -185
-718 37
-708 817
-707 741
-705 -38
-697 415
-696 -372
-695 914
-693 -494
-692 87
-689 943
-686 125
-680 -758
-673 592
-673 909
-669 588
-668 -823
-666 439
-664 -666
-664 -309
-657 515
-653 -920
-645 -939
-645 608
-636 -71
-630 -235
-623 -123
-617 -83
-617 419
-614 5
-609 -527
-598 -148
-594 696
-593 598
-583 -432
-580 855
-577 959
-573 -68
-572 801
-565 -785
-563 832
-546 -769
-544 -481
-540 -278
-538 996
-531 -705
-525 -559
-525 799
-524 94
-518 906
-517 19
-497 951
-481 -438
-479 561
-477 689
-474 28
-468 -575
-466 -714
-465 590
-463 724
-453 -999
-450 -433
-444 -70
-439 -993
-437 -121
-437 952
-435 634
-435 989
-431 -103
-430 540
-424 995
-423 961
-422 53
-421 -368
-420 739
-418 504
-415 300
-415 864
-414 532
-403 -553
-399 277
-399 406
-385 463
-383 105
-376 833
-375 -981
-375 -243
-374 -48
-369 -180
-364 735
-363 -47
-361 -689
-354 -456
-353 -149
-348 -788
-347 841
-343 596
-338 960
-337 -813
-335 973
-334 578
-329 906
-325 -812
-324 -458
-324 949
-319 -197
-313 -282
-307 909
-305 673
-295 -454
-294 -209
-293 -501
-291 -52
-290 -292
-289 530
-281 -415
-277 -93
-271 -48
-268 -32
-264 803
-258 28
-258 299
-251 -500
-249 -881
-247 -892
-245 524
-245 810
-244 144
-240 -746
-236 -905
-233 618
-225 810
-223 291
-220 -388
-219 -726
-208 438
-199 -519
-198 -946
-197 -467
-192 -266
-184 242
-182 -583
-180 -520
-179 703
-173 -150
-171 -250
-165 -245
-164 -224
-164 -139
-153 886
-152 -112
-149 -1000
-147 35
-140 186
-134 123
-134 334
-133 -562
-115 615
-114 -416
-113 -867
-109 -585
-108 -585
-106 227
-98 -340
-96 243
-85 869
-78 653
-77 -638
-76 -356
-76 722
-72 231
-69 913
-63 886
-58 849
-55 -190
-54 -368
-50 321
-42 665
-38 13
-37 84
-33 61
-26 -7
-14 846
-11 -28
-10 -923
-7 -76
-5 -365
1 -829
4 348
16 -188
23 378
27 820
32 -46
35 -159
43 -669
45 378
49 349
53 -49
55 -515
62 -400
62 -35
65 178
66 -95
72 519
75 138
85 415
89 -165
94 -45
99 -328
104 798
108 225
112 -524
112 1
116 -111
117 809
133 704
134 -945
136 -820
143 235
146 -308
148 530
150 317
153 747
155 542
161 639
161 684
173 151
184 -421
184 595
193 109
208 207
213 682
216 -582
217 79
218 -778
218 -525
218 -322
231 -86
237 -875
239 535
244 459
246 192
248 564
250 -376
250 900
253 299
255 -563
268 -29
280 516
284 417
285 364
297 -707
305 816
317 -477
318 -561
321 66
322 -530
322 422
330 238
332 165
339 422
347 998
351 -218
352 -461
356 -323
359 721
360 556
365 -960
368 -737
383 -833
385 795
389 863
391 12
395 -515
395 721
397 373
399 -984
401 572
404 -413
407 464
409 -877
414 -711
416 -702
416 -648
419 397
428 -87
430 336
436 94
439 276
441 -903
443 -814
450 525
461 -368
466 -22
466 906
468 664
469 -109
469 511
474 921
481 407
490 -256
490 814
496 688
507 380
508 -459
511 -56
513 -895
519 214
523 185
525 -48
525 16
525 762
529 -391
530 -209
533 -670
533 -220
547 -758
547 -693
548 56
557 831
559 382
559 944
560 155
568 -688
568 582
569 -488
573 873
576 -989
577 -462
577 962
582 -102
586 -494
587 885
598 -331
600 630
603 350
609 -412
612 -124
613 439
620 -985
621 -496
626 -577
635 929
641 -613
647 658
655 418
659 -9
660 -719
662 68
668 -246
668 688
671 872
677 -365
677 553
678 -967
682 -972
687 -680
693 27
695 -662
696 789
697 -148
699 -595
699 553
701 -469
704 865
706 46
708 -31
709 663
711 -603
716 512
718 806
719 -34
721 -518
723 -300
725 121
726 -427
732 -282
732 -45
733 -533
735 26
741 -816
752 979
754 -862
758 -578
759 -834
759 32
760 11
761 -1000
761 604
772 -269
775 597
792 823
800 -330
801 -73
801 125
816 216
817 -719
821 905
822 -532
827 -238
829 355
829 532
835 731
841 243
846 -260
847 -983
847 517
850 949
853 -415
854 -736
858 -378
862 630
867 -110
868 -986
874 362
876 573
879 -322
880 -846
883 -855
885 268
893 -977
893 238
901 -839
902 -374
902 272
904 928
907 414
907 772
908 -181
919 415
921 631
930 80
944 -383
946 -876
956 -768
956 882
960 426
963 -64
967 347
968 -427
984 -155
986 -129
988 -568
988 915
990 -450
992 -702
997 642
