896
-1000 -658
-999 758
-998 -648
-998 -92
-995 229
-995 834
-991 397
-990 -738
-990 873
-983 -697
-983 -506
-980 -201
-976 -961
-976 952
-972 855
-970 -383
-970 -333
-966 -925
-966 -613
-965 6
-962 111
-961 999
-960 939
-959 702
-956 -487
-956 43
-954 -441
-954 305
-953 753
-953 927
-945 -979
-943 866
-940 -344
-938 -749
-933 -647
-933 760
-930 -82
-929 553
-928 375
-926 -64
-924 -445
-923 642
-922 213
-920 728
-903 231
-900 -890
-899 -609
-889 -844
-888 55
-888 732
-885 849
-882 187
-876 -740
-874 282
-873 557
-871 -664
-863 -288
-862 -560
-861 -446
-860 953
-858 -400
-850 -465
-850 613
-849 147
-849 671
-848 908
-845 266
-844 -133
-839 198
-838 -947
-838 -426
-836 60
-828 -95
-828 309
-828 623
-827 -729
-826 -616
-826 -256
-826 774
-826 893
-819 -925
-819 716
-818 -168
-814 -145
-814 543
-812 693
-809 -548
-808 -12
-806 608
-802 -775
-800 649
-799 -546
-798 -550
-791 -701
-790 -613
-785 172
-784 -256
-782 -846
-779 -912
-779 -366
-778 563
-773 124
-772 547
-772 951
-771 825
-770 803
-769 412
-769 896
-769 964
-768 359
-768 555
-760 471
-758 691
-757 -359
-752 -688
-743 799
-743 814
-740 -563
-737 -997
-737 827
-730 -304
-726 62
-726 251
-726 1000
-716 -464
-716 595
-712 -374
-711 -198
-711 165
-710 928
-708 -308
-707 53
-706 141
-703 -748
-703 -125
-702 -699
-700 53
-700 54
-696 -973
-691 -324
-690 -48
-690 984
-688 995
-686 -541
-686 -142
-674 -824
-672 -683
-671 -454
-671 -343
-671 406
-668 29
-667 301
-662 -229
-662 943
-659 416
-657 366
-652 131
-652 226
-647 -512
-643 -703
-643 253
-642 -928
-641 -485
-637 839
-635 -551
-634 584
-632 -440
-631 25
-631 56
-631 725
-617 727
-616 -853
-615 -297
-613 -50
-611 -846
-611 305
-610 666
-608 -664
-600 306
-599 -577
-596 -801
-596 -345
-594 444
-593 749
-587 -406
-586 -500
-585 -411
-581 277
-580 -826
-579 -179
-574 -380
-574 775
-571 444
-569 390
-568 403
-565 376
-565 734
-564 -985
-564 -612
-562 -455
-562 874
-561 -348
-559 -748
-558 -361
-557 976
-554 -411
-553 -75
-553 402
-543 795
-541 -795
-540 -405
-540 -45
-535 481
-535 609
-534 -929
-534 -254
-534 109
-532 -316
-529 -90
-528 -853
-527 264
-526 -63
-524 522
-523 323
-522 838
-521 -423
-521 349
-516 -629
-516 355
-510 883
-509 -43
-498 993
-496 -518
-494 70
-482 112
-481 -269
-479 -86
-478 753
-475 290
-474 -396
-473 -648
-472 708
-472 995
-470 -934
-467 -164
-467 445
-465 -64
-464 -645
-462 956
-457 -620
-451 14
-449 -281
-446 -324
-444 480
-443 780
-442 8
-441 -899
-437 -220
-431 -517
-430 558
-429 -761
-429 402
-429 685
-428 -780
-426 -742
-424 645
-423 -298
-422 -105
-418 -370
-417 220
-414 -477
-410 613
-409 -174
-401 -628
-399 -971
-395 -549
-395 189
-394 692
-392 -275
-389 134
-388 551
-376 404
-374 823
-366 -907
-361 367
-357 778
-356 -753
-352 -248
-350 971
-349 686
-346 -75
-344 707
-342 886
-339 -773
-339 361
-338 811
-336 -553
-336 994
-330 373
-326 -558
-326 -301
-324 -942
-322 772
-321 235
-320 520
-319 -100
-318 334
-315 -814
-315 501
-311 -823
-311 485
-310 -759
-309 216
-306 830
-303 -404
-303 1
-301 274
-299 -378
-297 -410
-297 1000
-296 -662
-296 587
-295 677
-293 908
-289 -777
-285 -919
-278 -365
-274 -688
-274 719
-271 -610
-267 -737
-263 -927
-262 112
-261 348
-258 -37
-256 -832
-254 -588
-254 -438
-252 -995
-250 275
-245 -24
-241 -23
-240 795
-239 -212
-236 -989
-235 -135
-233 185
-229 738
-226 689
-224 -159
-220 -500
-215 -975
-213 -64
-212 -730
-210 -186
-204 574
-203 -702
-201 -892
-199 771
-197 -787
-189 873
-188 -293
-188 201
-185 -909
-185 -550
-184 -65
-183 451
-181 222
-179 812
-176 -688
-173 472
-173 677
-172 -596
-171 -705
-170 316
-169 -357
-169 31
-165 215
-164 -355
-164 675
-163 243
-160 -484
-159 551
-155 -497
-155 -303
-153 -851
-149 -562
-149 567
-146 429
-144 -201
-142 1
-137 875
-134 757
-133 -661
-131 531
-130 -598
-127 216
-124 629
-120 40
-119 -332
-119 688
-118 -625
-114 653
-110 -412
-109 199
-109 606
-106 -840
-106 926
-102 -594
-93 -830
-93 -233
-91 -447
-88 -451
-88 860
-82 -155
-82 190
-81 -703
-81 -196
-81 660
-79 558
-77 195
-77 371
-70 86
-69 -733
-59 -843
-56 -592
-54 -512
-47 -739
-46 -487
-45 932
-43 -293
-39 783
-38 35
-38 113
-34 -285
-31 -22
-30 563
-27 -830
-27 634
-22 926
-21 277
-20 -292
-18 -126
-17 -247
-6 422
-5 365
2 -425
2 393
2 995
4 27
5 -945
6 440
8 -719
8 991
12 -28
13 -594
14 -545
14 134
17 48
17 158
21 632
25 883
28 910
29 -624
30 222
31 386
32 681
39 695
40 -951
42 -959
42 -659
44 238
45 -995
52 -848
52 208
53 -518
56 53
57 26
60 -593
61 -416
62 -350
67 -316
68 -639
70 -996
70 -656
70 -41
72 -49
79 135
82 -639
83 511
90 -352
90 417
94 968
95 169
96 49
98 -976
99 659
106 21
108 -813
108 -627
111 316
112 960
113 -489
113 -78
115 135
116 308
117 576
117 715
120 -716
120 -545
120 -65
121 -241
122 -702
122 -106
124 512
126 -627
127 119
127 841
136 618
138 -324
139 -697
144 -323
146 -275
147 853
148 -893
152 -111
156 -986
157 -750
159 -501
160 778
164 250
165 -618
165 -181
166 -854
169 362
172 -762
178 -288
179 -575
181 -250
181 -244
186 322
188 -465
193 -780
193 -114
193 920
197 -996
198 -665
199 440
200 -669
201 -270
202 675
204 -276
205 -459
206 697
209 -859
209 -488
210 -313
214 747
216 -485
221 -15
226 -796
237 -843
237 432
238 -831
238 867
238 941
239 -265
240 195
241 412
244 -45
244 232
246 36
247 -333
247 -249
254 -941
256 1
257 317
258 -974
262 682
274 742
275 -210
277 -445
278 615
281 820
286 -305
288 661
290 806
292 -553
292 -287
294 -536
295 -188
296 -710
299 678
302 946
305 -191
313 -822
317 -319
317 -76
317 191
317 978
320 577
326 416
327 -616
327 -428
334 68
336 584
336 810
346 -861
348 378
351 -583
351 63
351 438
352 550
355 905
356 -785
357 536
361 909
362 31
372 -56
372 562
375 550
378 -408
379 -45
379 118
380 462
382 933
382 980
387 -678
387 411
389 921
392 79
395 -326
397 -693
397 -502
398 -765
399 117
408 679
409 375
410 959
412 394
413 16
418 175
420 -412
420 -228
421 -496
425 811
427 -168
432 674
434 -18
434 588
438 -684
439 -433
439 200
443 -671
443 203
444 203
448 -351
449 142
454 -440
465 -344
466 905
467 -825
469 -821
469 915
477 -924
477 -328
477 -126
480 579
483 71
489 52
490 -316
490 -21
494 -780
494 -13
495 286
497 -909
499 -87
501 252
503 -706
507 192
509 -654
515 -401
519 987
521 -52
526 -125
528 -762
530 290
530 937
536 -589
544 -99
545 -786
547 468
551 -607
556 -73
558 -55
558 330
559 -138
560 605
565 -873
566 209
568 -873
570 -781
579 -120
579 885
584 266
585 918
588 -591
590 -392
590 105
596 -927
596 -847
600 302
605 -43
610 559
611 -940
613 -752
618 714
619 709
619 757
620 793
621 -566
625 633
628 792
630 -463
633 -947
633 332
634 -973
635 -603
637 654
638 -42
645 952
646 -982
646 -124
649 488
653 -777
654 -549
655 625
657 552
659 -276
660 348
662 -856
662 -44
662 324
662 778
664 -598
667 -432
669 -959
669 -557
670 -293
670 742
671 33
679 333
680 -231
680 546
680 787
693 507
706 785
709 -881
709 -441
712 917
713 988
716 163
718 -905
719 -577
721 653
721 693
726 -697
727 -471
727 607
736 -627
737 -61
738 -836
741 -646
741 952
742 -403
743 -799
743 -505
743 395
748 734
749 -859
749 302
750 -538
750 -181
756 -21
758 -272
760 -707
760 913
764 -157
765 -884
771 630
773 -134
782 -535
790 -796
790 557
791 975
793 -918
798 15
800 -264
800 824
811 -690
812 129
812 589
813 -448
814 386
815 259
817 243
820 60
820 218
821 -355
824 928
825 564
829 656
833 -845
838 -136
839 -866
839 759
841 1
841 94
841 284
842 95
844 468
847 -586
848 520
853 2
853 74
855 -863
857 -939
860 -28
860 940
861 695
866 -725
866 703
868 -314
871 754
871 888
874 384
876 644
879 -581
879 498
883 285
887 -10
893 630
894 890
895 46
895 260
897 -185
900 -218
903 56
905 708
906 -612
908 283
910 345
913 -816
914 -39
916 -526
918 -506
920 22
921 716
927 -779
929 -913
929 -69
931 399
932 -659
932 466
934 726
935 -388
937 -103
940 -668
944 -435
944 337
945 660
947 418
948 255
951 -877
951 343
951 800
952 -900
952 609
952 933
957 119
959 268
960 -860
960 -433
962 -31
964 -202
970 -317
972 587
974 163
977 327
978 -172
980 -607
983 125
984 -376
984 878
996 -539
997 274
