812
-1000 601
-999 269
-999 841
-995 -568
-994 -185
-993 500
-991 91
-990 -663
-990 333
-989 -916
-985 303
-982 -16
-980 7
-980 635
-978 -992
-974 341
-968 -261
-966 573
-961 -395
-960 -287
-960 775
-959 29
-957 -631
-956 254
-955 95
-953 -937
-953 -401
-951 -622
-950 315
-947 -418
-944 -745
-942 -69
-940 167
-938 970
-932 -792
-929 -990
-929 359
-921 -262
-918 966
-916 -903
-916 -15
-912 479
-911 19
-908 -522
-908 221
-902 -857
-902 -169
-901 -57
-897 800
-896 125
-895 523
-893 -809
-880 161
-873 388
-872 -92
-872 701
-870 391
-863 -129
-861 -745
-861 -695
-860 -985
-854 -485
-852 267
-851 -754
-850 180
-846 904
-845 709
-844 -933
-844 951
-843 215
-838 -470
-838 966
-837 -225
-836 -582
-835 -418
-823 201
-822 387
-819 -357
-818 -942
-818 724
-817 -459
-817 259
-813 -413
-808 -117
-806 -763
-806 85
-802 -975
-800 -662
-800 -263
-800 176
-799 -876
-795 -607
-794 -420
-793 190
-791 -496
-788 -707
-786 -446
-785 172
-782 -781
-780 -313
-779 -20
-779 215
-779 220
-778 898
-776 527
-774 164
-766 -290
-766 598
-765 -445
-763 -906
-761 -910
-761 298
-755 911
-747 -368
-743 -178
-742 944
-740 -250
-738 -218
-738 -16
-732 669
-731 196
-730 -997
-730 -758
-730 -264
-730 522
-729 609
-729 998
-728 -457
-721 -34
-720 583
-719 575
-718 540
-715 776
-713 -157
-711 -126
-711 -66
-708 -598
-708 -535
-708 92
-706 -979
-703 647
-703 894
-702 44
-699 -604
-699 -430
-686 100
-684 -816
-684 -734
-684 162
-680 -106
-677 -811
-677 684
-673 347
-672 -271
-672 -257
-671 31
-668 -717
-667 -809
-667 -336
-667 550
-661 880
-659 827
-658 413
-657 -375
-655 -623
-651 594
-648 -832
-646 422
-642 -918
-642 322
-641 306
-637 782
-631 -819
-629 523
-628 -339
-627 -307
-622 -763
-620 838
-619 756
-616 -496
-613 -588
-610 728
-609 -825
-600 -548
-600 -257
-600 913
-598 553
-597 910
-596 -442
-594 945
-591 965
-589 784
-588 -839
-588 -439
-588 742
-584 -156
-583 381
-581 -792
-581 -771
-581 669
-581 826
-581 871
-572 742
-559 -892
-558 19
-555 76
-555 273
-554 -284
-554 -56
-552 -355
-549 771
-547 751
-541 937
-536 144
-536 672
-533 -554
-533 941
-526 -911
-526 -410
-523 -21
-521 -762
-516 -252
-505 -394
-504 -214
-499 -887
-499 -629
-499 -434
-497 -362
-497 291
-497 907
-496 -776
-496 849
-496 928
-489 827
-488 737
-486 513
-477 -901
-473 -253
-472 -749
-472 -51
-467 798
-461 -527
-459 103
-459 464
-457 99
-454 853
-453 41
-448 210
-447 -812
-446 -565
-445 -958
-441 909
-433 -936
-427 -409
-425 -376
-421 -744
-421 -135
-420 -793
-419 4
-417 642
-416 -855
-410 -515
-407 358
-401 885
-398 116
-397 -640
-396 149
-396 769
-392 -558
-391 -832
-389 -178
-389 235
-386 -992
-385 -100
-383 932
-382 586
-378 -14
-377 -282
-377 -75
-376 -982
-373 -726
-369 -912
-367 -622
-365 -635
-365 366
-364 191
-360 479
-356 733
-354 -192
-353 -343
-351 -27
-348 -490
-347 -317
-347 310
-346 889
-345 835
-344 980
-343 -39
-343 640
-340 947
-339 -746
-339 -397
-338 -34
-337 285
-334 -668
-331 -714
-328 -428
-328 -4
-327 -986
-326 704
-319 -237
-317 -924
-317 -880
-313 -285
-312 297
-311 -92
-308 -640
-307 -260
-300 724
-294 -931
-290 891
-287 407
-283 590
-280 -445
-279 874
-278 261
-274 77
-272 519
-268 -424
-262 810
-261 -883
-256 -348
-254 -533
-250 395
-249 76
-248 372
-246 -434
-243 853
-231 -452
-230 -214
-224 -730
-222 -811
-222 -429
-221 838
-220 -898
-217 -787
-216 -333
-216 409
-208 -958
-208 -613
-207 -156
-204 686
-195 -563
-194 442
-188 805
-186 154
-185 -340
-177 549
-175 57
-173 34
-172 -85
-172 376
-168 -264
-168 -185
-164 -280
-160 -971
-160 -527
-154 -574
-151 -282
-149 992
-145 -329
-144 -790
-139 -32
-137 -153
-129 -306
-127 601
-125 -230
-124 436
-120 -547
-119 -764
-115 -578
-114 -171
-107 961
-104 490
-103 73
-103 305
-101 461
-98 -477
-86 -444
-86 -33
-85 -365
-74 575
-68 -201
-66 -140
-61 -322
-61 942
-60 -912
-57 510
-56 -593
-55 -556
-51 505
-49 -371
-49 823
-48 423
-47 671
-43 -994
-43 -107
-41 -331
-40 390
-39 -274
-38 -581
-35 -86
-35 84
-31 -962
-29 -931
-26 -650
-23 -394
-21 892
-20 176
-19 -589
-18 -817
-15 -944
-11 26
-9 -653
-7 -635
-5 476
-4 954
1 593
2 -917
6 -266
6 420
8 38
9 -620
10 -534
15 568
19 686
26 198
30 -566
32 -828
32 -746
32 -605
34 521
36 552
37 799
39 543
43 -113
45 782
48 -97
48 822
51 167
54 561
56 -801
57 -381
65 -48
67 -496
70 -465
71 -404
72 339
74 32
74 292
75 393
77 -439
84 -479
84 290
85 -701
88 369
95 -12
96 -169
100 -560
101 -892
102 172
104 256
124 -422
130 964
132 762
137 -280
141 863
142 550
142 879
146 -544
150 410
156 -602
159 -242
159 393
161 375
168 -60
169 -556
173 500
179 -191
182 -515
182 -147
182 129
182 429
184 -773
184 -731
187 -378
191 -18
191 340
197 -280
199 -774
201 -191
202 899
204 -285
204 459
204 753
212 -802
212 91
213 -587
217 360
219 -880
225 -585
226 -156
227 -738
227 385
229 -506
234 -211
236 940
240 291
241 592
245 -791
246 714
247 220
250 -110
250 455
253 -304
254 -981
259 -665
260 -124
267 903
268 400
278 436
281 -284
283 -147
286 253
288 -461
291 961
297 759
309 46
311 -367
313 833
314 162
315 -441
317 986
328 266
330 -61
331 -252
333 450
334 797
335 -998
344 324
345 39
346 -970
358 -911
359 -203
363 -366
363 -127
363 435
364 529
366 -748
367 -821
367 -479
367 358
371 750
374 -335
376 140
385 920
389 154
389 842
390 764
392 -891
394 -29
396 -876
397 -697
398 -537
399 -184
401 -867
401 994
406 -772
409 -244
410 -30
412 -398
426 503
428 111
439 -712
440 -98
441 -255
442 853
443 623
452 -695
454 125
456 -171
458 252
458 837
461 -700
462 -163
471 -212
476 388
477 -614
478 787
480 -829
480 -161
483 -588
485 -820
487 -434
492 -558
492 -361
492 0
493 867
496 -383
501 -578
503 395
506 -835
508 -858
508 424
510 -609
511 -138
517 775
518 803
521 -904
521 -321
524 381
526 -365
527 -867
531 730
536 -384
539 -649
541 -770
542 -79
542 343
542 942
545 -693
547 55
548 995
549 820
558 -965
558 -582
560 411
561 -911
564 924
569 345
574 -12
577 -467
582 252
588 475
594 371
599 -509
599 944
603 -504
603 352
614 -257
614 470
615 464
617 -886
618 -463
620 -588
623 -243
629 -88
635 -997
639 373
641 -508
644 568
647 276
648 -234
649 -841
649 -730
652 -801
655 -876
656 -264
657 -313
662 -273
663 -653
663 -19
668 -708
668 496
670 884
671 877
678 902
682 950
688 -731
689 43
691 722
693 -62
697 -811
699 363
700 123
700 803
702 -339
705 447
705 874
707 473
710 561
713 -547
721 -608
722 678
724 -488
725 590
726 930
728 -999
729 769
731 -798
734 174
739 -951
740 -132
742 544
744 -902
745 281
747 735
748 -376
753 616
753 625
754 -455
760 -250
761 850
764 5
768 -487
770 192
771 -876
771 -566
772 -276
772 68
772 334
789 199
790 567
791 -845
791 -297
792 27
792 277
792 1000
796 -891
801 -906
806 715
809 -976
814 -247
814 19
816 842
823 -888
828 -192
828 876
829 -820
829 -666
833 167
835 165
837 -546
838 479
840 -900
843 139
843 341
845 -787
848 -731
848 -311
857 -402
858 469
861 -822
862 123
873 -114
874 349
875 -821
877 -616
879 -514
880 -449
881 741
887 -477
893 648
895 -956
901 -719
903 -398
903 245
906 -85
909 -522
911 280
911 866
913 891
916 921
918 -997
918 -394
919 485
920 376
920 931
926 -582
927 -208
930 694
935 -774
935 -614
937 212
938 -750
939 8
940 -991
942 -628
943 -437
948 662
957 88
959 -30
966 -640
967 897
972 518
972 721
978 -994
978 813
978 922
980 -575
987 -732
990 813
992 -112
993 -842
994 453
995 -847
995 305
995 385
996 -409
996 260
998 288
1000 94
