814
-999 -781
-997 92
-994 74
-989 -434
-987 -806
-986 553
-986 674
-985 -452
-979 216
-977 -943
-975 623
-967 -682
-963 129
-961 -921
-961 665
-960 982
-958 -844
-958 668
-958 965
-955 -967
-953 -381
-945 897
-944 720
-942 753
-941 278
-939 -213
-939 14
-935 195
-933 36
-932 548
-925 233
-925 441
-922 -319
-920 443
-917 48
-914 292
-912 -621
-912 -163
-908 -188
-905 -618
-895 -684
-895 -515
-890 313
-886 853
-885 -22
-881 -949
-880 -429
-879 665
-878 462
-877 902
-877 948
-876 219
-875 -30
-874 687
-872 -343
-870 -450
-870 531
-866 -994
-866 -73
-864 -1000
-863 -335
-860 504
-855 379
-855 518
-855 995
-851 862
-848 -566
-848 451
-848 650
-846 -185
-846 652
-845 -483
-844 -257
-839 352
-835 -573
-833 332
-833 494
-832 785
-832 853
-830 -347
-830 112
-828 269
-824 926
-818 148
-818 360
-813 -750
-812 55
-811 -33
-804 -169
-800 -794
-793 911
-788 -850
-786 -566
-785 466
-785 506
-784 482
-783 -957
-781 -834
-781 -236
-777 -237
-777 559
-777 843
-769 -632
-769 437
-768 460
-768 644
-765 -806
-760 -452
-760 749
-758 -753
-756 -810
-756 -570
-756 646
-755 -789
-755 -84
-755 373
-754 -299
-753 -566
-752 994
-751 -871
-751 -172
-751 925
-749 -277
-749 -272
-744 -605
-741 146
-741 539
-738 -773
-738 -603
-738 541
-735 799
-734 -856
-731 450
-728 211
-727 -945
-727 -716
-722 -230
-721 56
-710 -332
-708 -121
-705 145
-702 736
-700 813
-695 -265
-692 -936
-692 220
-687 35
-687 214
-678 -701
-677 133
-677 630
-674 38
-671 -132
-669 -182
-666 -604
-665 -168
-663 -433
-656 -575
-653 959
-652 689
-648 -959
-644 -770
-644 -234
-643 -843
-643 122
-633 -502
-629 153
-627 637
-625 902
-624 553
-623 257
-621 246
-620 942
-619 -468
-612 -631
-609 170
-605 -618
-604 916
-602 972
-601 -916
-601 -911
-601 -644
-596 -204
-596 -174
-593 -979
-592 678
-591 -337
-590 -807
-589 -352
-588 135
-584 -576
-578 -288
-578 674
-577 -414
-574 50
-571 -388
-569 485
-563 414
-562 -431
-559 -810
-554 -254
-553 -623
-545 903
-541 550
-532 -485
-529 -277
-528 -882
-525 124
-525 474
-525 854
-522 566
-521 -664
-518 68
-511 556
-506 717
-503 -68
-498 -366
-495 932
-493 -610
-487 -676
-483 -576
-482 -913
-478 -258
-478 329
-474 279
-469 476
-466 920
-464 -324
-462 369
-461 33
-457 -323
-455 120
-455 894
-454 503
-452 331
-452 752
-450 -772
-450 -280
-448 -685
-442 480
-442 635
-438 -52
-433 987
-432 -196
-431 -950
-431 667
-420 -538
-417 -220
-412 324
-411 333
-408 -850
-408 690
-404 -622
-400 -512
-399 -358
-399 -212
-397 -745
-396 -963
-386 -150
-384 690
-378 -844
-378 438
-377 -444
-377 18
-372 832
-371 -340
-367 795
-363 -494
-363 -354
-363 646
-358 -380
-357 -224
-356 468
-356 849
-355 -572
-355 -283
-354 -442
-354 381
-351 66
-350 445
-349 -595
-347 551
-346 -610
-346 704
-344 -404
-332 825
-327 778
-322 64
-322 575
-322 670
-319 242
-317 -866
-316 -977
-315 -996
-315 -194
-309 691
-305 -349
-303 -296
-301 156
-300 94
-295 -602
-294 903
-293 -726
-288 -319
-285 -428
-284 -976
-283 -819
-283 -683
-277 -581
-277 236
-271 556
-266 675
-264 -157
-261 84
-256 -885
-255 262
-253 382
-248 67
-245 -536
-245 852
-242 111
-234 650
-232 576
-229 -239
-223 -909
-223 406
-220 -735
-220 -471
-216 -352
-214 -376
-210 940
-209 476
-204 109
-201 318
-200 725
-195 284
-192 989
-186 -790
-185 42
-182 571
-181 -7
-178 195
-176 -199
-174 -601
-174 -114
-172 -880
-165 913
-165 926
-164 -158
-162 -64
-161 -928
-157 -933
-157 -400
-153 808
-144 -870
-144 32
-144 522
-138 -789
-138 -399
-138 56
-128 -994
-128 -336
-124 75
-124 365
-124 883
-123 -885
-115 -991
-112 -822
-112 -753
-111 695
-110 312
-109 511
-109 861
-108 -941
-105 535
-105 865
-102 585
-91 27
-90 41
-90 419
-85 -633
-82 149
-79 -150
-79 569
-77 -322
-74 775
-63 -549
-61 -939
-60 327
-57 -29
-54 777
-53 393
-52 421
-50 -406
-48 -853
-48 91
-47 915
-44 460
-42 1
-39 503
-39 960
-26 797
-21 -450
-19 -713
-16 710
-15 583
-13 147
-10 -3
-9 659
-5 -772
0 -688
2 -714
9 -633
9 -577
10 607
14 410
17 105
17 698
24 453
25 872
28 -334
29 -639
39 270
45 -809
46 -166
46 401
46 730
49 939
57 -723
57 586
57 631
58 564
62 715
63 -139
64 -78
64 462
70 -876
70 -203
73 -257
75 460
76 292
77 451
78 -645
78 -307
78 -70
80 -532
81 -89
84 24
85 710
86 -668
87 621
92 -543
92 658
93 382
93 417
95 356
99 344
106 -141
108 -781
109 524
112 -705
117 293
121 -638
122 135
125 -398
125 762
126 -282
127 -654
128 -809
131 48
134 -884
140 -338
141 -224
141 785
144 273
148 -89
152 -696
156 -711
158 -624
162 -238
163 -554
165 376
169 474
173 -609
175 -907
177 442
180 413
181 792
186 895
191 -424
191 708
192 239
194 -599
194 -346
194 -323
196 208
197 -753
197 -334
200 -885
203 -485
203 -379
204 -763
204 996
209 -707
211 423
217 537
218 223
219 -298
220 121
222 286
223 -260
223 -70
223 370
224 191
224 717
225 794
229 -717
230 -778
234 -235
241 -575
242 879
243 -230
245 -919
246 -56
250 534
253 190
254 415
260 -511
260 450
268 307
271 430
274 504
277 -855
281 224
285 -468
285 563
288 360
295 300
304 -654
308 -645
308 -641
313 -706
321 296
322 -73
324 235
327 -322
329 -212
330 188
331 86
332 836
338 660
341 254
344 -591
347 -765
347 -70
348 -546
350 336
355 -423
357 816
358 -68
360 -388
360 220
366 520
366 568
370 889
371 -350
371 369
373 -485
375 -283
378 572
380 -456
387 181
387 749
392 641
394 20
394 517
402 -548
406 -584
406 -520
407 373
409 920
411 -258
411 -186
415 820
416 619
420 -29
420 61
423 -697
432 -279
432 603
433 -318
435 -936
436 -578
436 -200
436 864
438 53
440 968
441 -885
442 -992
444 -793
447 -143
455 -664
455 -464
458 -182
460 -759
461 627
462 269
466 876
467 -407
468 -123
476 58
478 -917
479 -432
482 642
486 -748
493 -736
497 -503
499 61
505 -963
506 -266
507 -218
512 -566
517 -48
520 -298
520 23
521 -939
522 811
528 151
528 342
530 702
531 -21
534 -184
535 559
541 -516
541 362
542 -978
544 509
544 790
545 151
547 81
548 95
551 -606
551 -505
553 128
553 328
553 442
561 602
564 790
566 -428
566 813
570 -312
572 -752
576 487
578 157
580 -534
580 -357
581 -375
583 -203
583 244
584 20
586 -404
598 -716
600 -41
604 947
606 -999
606 755
611 506
615 346
615 952
619 -856
619 968
628 -528
630 -367
633 -112
633 880
634 206
634 232
634 836
637 856
638 -217
640 537
640 835
641 677
647 -8
648 -299
651 -316
651 -187
660 379
662 -617
662 561
672 -980
678 -918
679 -633
681 79
682 -4
683 -158
688 -706
690 -879
692 -764
692 -72
696 -189
696 66
698 -993
698 -23
709 665
718 -916
719 102
724 973
729 -911
731 55
732 367
735 328
736 705
737 565
739 -408
740 -348
741 -618
742 -354
743 -384
755 345
757 -779
757 -340
765 -633
766 -160
771 724
780 94
783 360
787 -344
789 -370
789 48
789 425
795 -699
798 -115
800 820
802 -527
806 0
808 800
809 727
821 706
825 -307
827 944
829 -185
831 541
835 905
843 -961
843 -742
844 384
849 276
851 373
853 -786
853 55
854 990
859 300
862 -702
867 -908
867 500
868 768
869 523
869 524
870 68
871 316
875 864
884 475
888 89
893 -951
894 -90
894 574
902 -562
903 168
903 317
904 896
906 -413
910 781
911 -987
911 827
916 -476
918 -545
923 -640
928 402
929 -472
932 -11
936 864
937 -840
940 -742
940 174
940 309
943 492
945 -843
948 -865
953 516
956 221
958 -711
959 334
959 654
963 610
969 914
971 -474
971 921
973 201
973 307
973 921
974 231
976 387
977 -108
980 -460
983 -812
987 -293
988 -163
990 499
991 -798
995 67
995 538
998 -35
1000 486
